10 63 1009 224 33 487 1837 448
224 1009 1010 225 448 1837 1838 449
225 1010 1011 226 449 1838 1839 450
226 1011 1012 227 450 1839 1840 451
227 1012 1013 228 451 1840 1841 452
228 1013 1014 229 452 1841 1842 453
229 1014 1015 230 453 1842 1843 454
230 1015 1016 231 454 1843 1844 455
231 1016 1017 232 455 1844 1845 456
232 1017 1018 233 456 1845 1846 457
233 1018 1019 234 457 1846 1847 458
234 1019 1020 235 458 1847 1848 459
235 1020 1021 236 459 1848 1849 460
236 1021 1022 237 460 1849 1850 461
237 1022 1023 238 461 1850 1851 462
238 1023 1024 239 462 1851 1852 463
239 1024 1025 240 463 1852 1853 464
240 1025 1026 241 464 1853 1854 465
241 1026 1027 242 465 1854 1855 466
242 1027 1028 243 466 1855 1856 467
243 1028 1029 244 467 1856 1857 468
244 1029 1030 245 468 1857 1858 469
245 1030 1031 246 469 1858 1859 470
246 1031 1032 247 470 1859 1860 471
247 1032 1033 248 471 1860 1861 472
248 1033 1034 249 472 1861 1862 473
249 1034 1035 250 473 1862 1863 474
250 1035 1036 251 474 1863 1864 475
251 1036 170 5 475 1864 520 34
63 64 1037 1009 487 488 1865 1837
1009 1037 1038 1010 1837 1865 1866 1838
1010 1038 1039 1011 1838 1866 1867 1839
1011 1039 1040 1012 1839 1867 1868 1840
1012 1040 1041 1013 1840 1868 1869 1841
1013 1041 1042 1014 1841 1869 1870 1842
1014 1042 1043 1015 1842 1870 1871 1843
1015 1043 1044 1016 1843 1871 1872 1844
1016 1044 1045 1017 1844 1872 1873 1845
1017 1045 1046 1018 1845 1873 1874 1846
1018 1046 1047 1019 1846 1874 1875 1847
1019 1047 1048 1020 1847 1875 1876 1848
1020 1048 1049 1021 1848 1876 1877 1849
1021 1049 1050 1022 1849 1877 1878 1850
1022 1050 1051 1023 1850 1878 1879 1851
1023 1051 1052 1024 1851 1879 1880 1852
1024 1052 1053 1025 1852 1880 1881 1853
1025 1053 1054 1026 1853 1881 1882 1854
1026 1054 1055 1027 1854 1882 1883 1855
1027 1055 1056 1028 1855 1883 1884 1856
1028 1056 1057 1029 1856 1884 1885 1857
1029 1057 1058 1030 1857 1885 1886 1858
1030 1058 1059 1031 1858 1886 1887 1859
1031 1059 1060 1032 1859 1887 1888 1860
1032 1060 1061 1033 1860 1888 1889 1861
1033 1061 1062 1034 1861 1889 1890 1862
1034 1062 1063 1035 1862 1890 1891 1863
1035 1063 1064 1036 1863 1891 1892 1864
1036 1064 171 170 1864 1892 519 520
64 65 1065 1037 488 489 1893 1865
1037 1065 1066 1038 1865 1893 1894 1866
1038 1066 1067 1039 1866 1894 1895 1867
1039 1067 1068 1040 1867 1895 1896 1868
1040 1068 1069 1041 1868 1896 1897 1869
1041 1069 1070 1042 1869 1897 1898 1870
1042 1070 1071 1043 1870 1898 1899 1871
1043 1071 1072 1044 1871 1899 1900 1872
1044 1072 1073 1045 1872 1900 1901 1873
1045 1073 1074 1046 1873 1901 1902 1874
1046 1074 1075 1047 1874 1902 1903 1875
1047 1075 1076 1048 1875 1903 1904 1876
1048 1076 1077 1049 1876 1904 1905 1877
1049 1077 1078 1050 1877 1905 1906 1878
1050 1078 1079 1051 1878 1906 1907 1879
1051 1079 1080 1052 1879 1907 1908 1880
1052 1080 1081 1053 1880 1908 1909 1881
1053 1081 1082 1054 1881 1909 1910 1882
1054 1082 1083 1055 1882 1910 1911 1883
1055 1083 1084 1056 1883 1911 1912 1884
1056 1084 1085 1057 1884 1912 1913 1885
1057 1085 1086 1058 1885 1913 1914 1886
1058 1086 1087 1059 1886 1914 1915 1887
1059 1087 1088 1060 1887 1915 1916 1888
1060 1088 1089 1061 1888 1916 1917 1889
1061 1089 1090 1062 1889 1917 1918 1890
1062 1090 1091 1063 1890 1918 1919 1891
1063 1091 1092 1064 1891 1919 1920 1892
1064 1092 172 171 1892 1920 518 519
65 11 66 1065 489 37 490 1893
1065 66 67 1066 1893 490 491 1894
1066 67 68 1067 1894 491 492 1895
1067 68 69 1068 1895 492 493 1896
1068 69 70 1069 1896 493 494 1897
1069 70 71 1070 1897 494 495 1898
1070 71 72 1071 1898 495 496 1899
1071 72 73 1072 1899 496 497 1900
1072 73 74 1073 1900 497 498 1901
1073 74 75 1074 1901 498 499 1902
1074 75 76 1075 1902 499 500 1903
1075 76 77 1076 1903 500 501 1904
1076 77 78 1077 1904 501 502 1905
1077 78 79 1078 1905 502 503 1906
1078 79 80 1079 1906 503 504 1907
1079 80 81 1080 1907 504 505 1908
1080 81 82 1081 1908 505 506 1909
1081 82 83 1082 1909 506 507 1910
1082 83 84 1083 1910 507 508 1911
1083 84 85 1084 1911 508 509 1912
1084 85 86 1085 1912 509 510 1913
1085 86 87 1086 1913 510 511 1914
1086 87 88 1087 1914 511 512 1915
1087 88 89 1088 1915 512 513 1916
1088 89 90 1089 1916 513 514 1917
1089 90 91 1090 1917 514 515 1918
1090 91 92 1091 1918 515 516 1919
1091 92 93 1092 1919 516 517 1920
1092 93 4 172 1920 517 38 518
