8 49 637 108 25 343 1465 436
108 637 638 109 436 1465 1466 435
109 638 639 110 435 1466 1467 434
110 639 640 111 434 1467 1468 433
111 640 641 112 433 1468 1469 432
112 641 642 113 432 1469 1470 431
113 642 643 114 431 1470 1471 430
114 643 644 115 430 1471 1472 429
115 644 645 116 429 1472 1473 428
116 645 646 117 428 1473 1474 427
117 646 647 118 427 1474 1475 426
118 647 648 119 426 1475 1476 425
119 648 649 120 425 1476 1477 424
120 649 650 121 424 1477 1478 423
121 650 651 122 423 1478 1479 422
122 651 652 123 422 1479 1480 421
123 652 653 124 421 1480 1481 420
124 653 654 125 420 1481 1482 419
125 654 655 126 419 1482 1483 418
126 655 656 127 418 1483 1484 417
127 656 657 128 417 1484 1485 416
128 657 658 129 416 1485 1486 415
129 658 659 130 415 1486 1487 414
130 659 660 131 414 1487 1488 413
131 660 661 132 413 1488 1489 412
132 661 662 133 412 1489 1490 411
133 662 663 134 411 1490 1491 410
134 663 664 135 410 1491 1492 409
135 664 665 136 409 1492 1493 408
136 665 666 137 408 1493 1494 407
137 666 667 138 407 1494 1495 406
138 667 668 139 406 1495 1496 405
139 668 669 140 405 1496 1497 404
140 669 670 141 404 1497 1498 403
141 670 671 142 403 1498 1499 402
142 671 672 143 402 1499 1500 401
143 672 673 144 401 1500 1501 400
144 673 674 145 400 1501 1502 399
145 674 675 146 399 1502 1503 398
146 675 676 147 398 1503 1504 397
147 676 677 148 397 1504 1505 396
148 677 678 149 396 1505 1506 395
149 678 150 7 395 1506 394 30
49 50 679 637 343 344 1507 1465
637 679 680 638 1465 1507 1508 1466
638 680 681 639 1466 1508 1509 1467
639 681 682 640 1467 1509 1510 1468
640 682 683 641 1468 1510 1511 1469
641 683 684 642 1469 1511 1512 1470
642 684 685 643 1470 1512 1513 1471
643 685 686 644 1471 1513 1514 1472
644 686 687 645 1472 1514 1515 1473
645 687 688 646 1473 1515 1516 1474
646 688 689 647 1474 1516 1517 1475
647 689 690 648 1475 1517 1518 1476
648 690 691 649 1476 1518 1519 1477
649 691 692 650 1477 1519 1520 1478
650 692 693 651 1478 1520 1521 1479
651 693 694 652 1479 1521 1522 1480
652 694 695 653 1480 1522 1523 1481
653 695 696 654 1481 1523 1524 1482
654 696 697 655 1482 1524 1525 1483
655 697 698 656 1483 1525 1526 1484
656 698 699 657 1484 1526 1527 1485
657 699 700 658 1485 1527 1528 1486
658 700 701 659 1486 1528 1529 1487
659 701 702 660 1487 1529 1530 1488
660 702 703 661 1488 1530 1531 1489
661 703 704 662 1489 1531 1532 1490
662 704 705 663 1490 1532 1533 1491
663 705 706 664 1491 1533 1534 1492
664 706 707 665 1492 1534 1535 1493
665 707 708 666 1493 1535 1536 1494
666 708 709 667 1494 1536 1537 1495
667 709 710 668 1495 1537 1538 1496
668 710 711 669 1496 1538 1539 1497
669 711 712 670 1497 1539 1540 1498
670 712 713 671 1498 1540 1541 1499
671 713 714 672 1499 1541 1542 1500
672 714 715 673 1500 1542 1543 1501
673 715 716 674 1501 1543 1544 1502
674 716 717 675 1502 1544 1545 1503
675 717 718 676 1503 1545 1546 1504
676 718 719 677 1504 1546 1547 1505
677 719 720 678 1505 1547 1548 1506
678 720 151 150 1506 1548 393 394
50 51 721 679 344 345 1549 1507
679 721 722 680 1507 1549 1550 1508
680 722 723 681 1508 1550 1551 1509
681 723 724 682 1509 1551 1552 1510
682 724 725 683 1510 1552 1553 1511
683 725 726 684 1511 1553 1554 1512
684 726 727 685 1512 1554 1555 1513
685 727 728 686 1513 1555 1556 1514
686 728 729 687 1514 1556 1557 1515
687 729 730 688 1515 1557 1558 1516
688 730 731 689 1516 1558 1559 1517
689 731 732 690 1517 1559 1560 1518
690 732 733 691 1518 1560 1561 1519
691 733 734 692 1519 1561 1562 1520
692 734 735 693 1520 1562 1563 1521
693 735 736 694 1521 1563 1564 1522
694 736 737 695 1522 1564 1565 1523
695 737 738 696 1523 1565 1566 1524
696 738 739 697 1524 1566 1567 1525
697 739 740 698 1525 1567 1568 1526
698 740 741 699 1526 1568 1569 1527
699 741 742 700 1527 1569 1570 1528
700 742 743 701 1528 1570 1571 1529
701 743 744 702 1529 1571 1572 1530
702 744 745 703 1530 1572 1573 1531
703 745 746 704 1531 1573 1574 1532
704 746 747 705 1532 1574 1575 1533
705 747 748 706 1533 1575 1576 1534
706 748 749 707 1534 1576 1577 1535
707 749 750 708 1535 1577 1578 1536
708 750 751 709 1536 1578 1579 1537
709 751 752 710 1537 1579 1580 1538
710 752 753 711 1538 1580 1581 1539
711 753 754 712 1539 1581 1582 1540
712 754 755 713 1540 1582 1583 1541
713 755 756 714 1541 1583 1584 1542
714 756 757 715 1542 1584 1585 1543
715 757 758 716 1543 1585 1586 1544
716 758 759 717 1544 1586 1587 1545
717 759 760 718 1545 1587 1588 1546
718 760 761 719 1546 1588 1589 1547
719 761 762 720 1547 1589 1590 1548
720 762 152 151 1548 1590 392 393
51 52 763 721 345 346 1591 1549
721 763 764 722 1549 1591 1592 1550
722 764 765 723 1550 1592 1593 1551
723 765 766 724 1551 1593 1594 1552
724 766 767 725 1552 1594 1595 1553
725 767 768 726 1553 1595 1596 1554
726 768 769 727 1554 1596 1597 1555
727 769 770 728 1555 1597 1598 1556
728 770 771 729 1556 1598 1599 1557
729 771 772 730 1557 1599 1600 1558
730 772 773 731 1558 1600 1601 1559
731 773 774 732 1559 1601 1602 1560
732 774 775 733 1560 1602 1603 1561
733 775 776 734 1561 1603 1604 1562
734 776 777 735 1562 1604 1605 1563
735 777 778 736 1563 1605 1606 1564
736 778 779 737 1564 1606 1607 1565
737 779 780 738 1565 1607 1608 1566
738 780 781 739 1566 1608 1609 1567
739 781 782 740 1567 1609 1610 1568
740 782 783 741 1568 1610 1611 1569
741 783 784 742 1569 1611 1612 1570
742 784 785 743 1570 1612 1613 1571
743 785 786 744 1571 1613 1614 1572
744 786 787 745 1572 1614 1615 1573
745 787 788 746 1573 1615 1616 1574
746 788 789 747 1574 1616 1617 1575
747 789 790 748 1575 1617 1618 1576
748 790 791 749 1576 1618 1619 1577
749 791 792 750 1577 1619 1620 1578
750 792 793 751 1578 1620 1621 1579
751 793 794 752 1579 1621 1622 1580
752 794 795 753 1580 1622 1623 1581
753 795 796 754 1581 1623 1624 1582
754 796 797 755 1582 1624 1625 1583
755 797 798 756 1583 1625 1626 1584
756 798 799 757 1584 1626 1627 1585
757 799 800 758 1585 1627 1628 1586
758 800 801 759 1586 1628 1629 1587
759 801 802 760 1587 1629 1630 1588
760 802 803 761 1588 1630 1631 1589
761 803 804 762 1589 1631 1632 1590
762 804 153 152 1590 1632 391 392
52 53 805 763 346 347 1633 1591
763 805 806 764 1591 1633 1634 1592
764 806 807 765 1592 1634 1635 1593
765 807 808 766 1593 1635 1636 1594
766 808 809 767 1594 1636 1637 1595
767 809 810 768 1595 1637 1638 1596
768 810 811 769 1596 1638 1639 1597
769 811 812 770 1597 1639 1640 1598
770 812 813 771 1598 1640 1641 1599
771 813 814 772 1599 1641 1642 1600
772 814 815 773 1600 1642 1643 1601
773 815 816 774 1601 1643 1644 1602
774 816 817 775 1602 1644 1645 1603
775 817 818 776 1603 1645 1646 1604
776 818 819 777 1604 1646 1647 1605
777 819 820 778 1605 1647 1648 1606
778 820 821 779 1606 1648 1649 1607
779 821 822 780 1607 1649 1650 1608
780 822 823 781 1608 1650 1651 1609
781 823 824 782 1609 1651 1652 1610
782 824 825 783 1610 1652 1653 1611
783 825 826 784 1611 1653 1654 1612
784 826 827 785 1612 1654 1655 1613
785 827 828 786 1613 1655 1656 1614
786 828 829 787 1614 1656 1657 1615
787 829 830 788 1615 1657 1658 1616
788 830 831 789 1616 1658 1659 1617
789 831 832 790 1617 1659 1660 1618
790 832 833 791 1618 1660 1661 1619
791 833 834 792 1619 1661 1662 1620
792 834 835 793 1620 1662 1663 1621
793 835 836 794 1621 1663 1664 1622
794 836 837 795 1622 1664 1665 1623
795 837 838 796 1623 1665 1666 1624
796 838 839 797 1624 1666 1667 1625
797 839 840 798 1625 1667 1668 1626
798 840 841 799 1626 1668 1669 1627
799 841 842 800 1627 1669 1670 1628
800 842 843 801 1628 1670 1671 1629
801 843 844 802 1629 1671 1672 1630
802 844 845 803 1630 1672 1673 1631
803 845 846 804 1631 1673 1674 1632
804 846 154 153 1632 1674 390 391
53 54 847 805 347 348 1675 1633
805 847 848 806 1633 1675 1676 1634
806 848 849 807 1634 1676 1677 1635
807 849 850 808 1635 1677 1678 1636
808 850 851 809 1636 1678 1679 1637
809 851 852 810 1637 1679 1680 1638
810 852 853 811 1638 1680 1681 1639
811 853 854 812 1639 1681 1682 1640
812 854 855 813 1640 1682 1683 1641
813 855 856 814 1641 1683 1684 1642
814 856 857 815 1642 1684 1685 1643
815 857 858 816 1643 1685 1686 1644
816 858 859 817 1644 1686 1687 1645
817 859 860 818 1645 1687 1688 1646
818 860 861 819 1646 1688 1689 1647
819 861 862 820 1647 1689 1690 1648
820 862 863 821 1648 1690 1691 1649
821 863 864 822 1649 1691 1692 1650
822 864 865 823 1650 1692 1693 1651
823 865 866 824 1651 1693 1694 1652
824 866 867 825 1652 1694 1695 1653
825 867 868 826 1653 1695 1696 1654
826 868 869 827 1654 1696 1697 1655
827 869 870 828 1655 1697 1698 1656
828 870 871 829 1656 1698 1699 1657
829 871 872 830 1657 1699 1700 1658
830 872 873 831 1658 1700 1701 1659
831 873 874 832 1659 1701 1702 1660
832 874 875 833 1660 1702 1703 1661
833 875 876 834 1661 1703 1704 1662
834 876 877 835 1662 1704 1705 1663
835 877 878 836 1663 1705 1706 1664
836 878 879 837 1664 1706 1707 1665
837 879 880 838 1665 1707 1708 1666
838 880 881 839 1666 1708 1709 1667
839 881 882 840 1667 1709 1710 1668
840 882 883 841 1668 1710 1711 1669
841 883 884 842 1669 1711 1712 1670
842 884 885 843 1670 1712 1713 1671
843 885 886 844 1671 1713 1714 1672
844 886 887 845 1672 1714 1715 1673
845 887 888 846 1673 1715 1716 1674
846 888 155 154 1674 1716 389 390
54 24 184 847 348 26 349 1675
847 184 185 848 1675 349 350 1676
848 185 186 849 1676 350 351 1677
849 186 14 850 1677 351 27 1678
850 14 190 851 1678 27 352 1679
851 190 191 852 1679 352 353 1680
852 191 192 853 1680 353 354 1681
853 192 193 854 1681 354 355 1682
854 193 194 855 1682 355 356 1683
855 194 195 856 1683 356 357 1684
856 195 196 857 1684 357 358 1685
857 196 197 858 1685 358 359 1686
858 197 198 859 1686 359 360 1687
859 198 199 860 1687 360 361 1688
860 199 200 861 1688 361 362 1689
861 200 201 862 1689 362 363 1690
862 201 202 863 1690 363 364 1691
863 202 203 864 1691 364 365 1692
864 203 204 865 1692 365 366 1693
865 204 205 866 1693 366 367 1694
866 205 206 867 1694 367 368 1695
867 206 207 868 1695 368 369 1696
868 207 208 869 1696 369 370 1697
869 208 209 870 1697 370 371 1698
870 209 210 871 1698 371 372 1699
871 210 211 872 1699 372 373 1700
872 211 212 873 1700 373 374 1701
873 212 213 874 1701 374 375 1702
874 213 214 875 1702 375 376 1703
875 214 215 876 1703 376 377 1704
876 215 216 877 1704 377 378 1705
877 216 217 878 1705 378 379 1706
878 217 218 879 1706 379 380 1707
879 218 219 880 1707 380 381 1708
880 219 220 881 1708 381 382 1709
881 220 221 882 1709 382 383 1710
882 221 222 883 1710 383 384 1711
883 222 223 884 1711 384 385 1712
884 223 15 885 1712 385 28 1713
885 15 164 886 1713 28 386 1714
886 164 165 887 1714 386 387 1715
887 165 166 888 1715 387 388 1716
888 166 23 155 1716 388 29 389
24 55 889 184 26 437 1717 349
184 889 890 185 349 1717 1718 350
185 890 891 186 350 1718 1719 351
186 891 187 14 351 1719 445 27
55 56 892 889 437 438 1720 1717
889 892 893 890 1717 1720 1721 1718
890 893 894 891 1718 1721 1722 1719
891 894 188 187 1719 1722 444 445
56 57 895 892 438 439 1723 1720
892 895 896 893 1720 1723 1724 1721
893 896 897 894 1721 1724 1725 1722
894 897 189 188 1722 1725 443 444
57 9 58 895 439 31 440 1723
895 58 59 896 1723 440 441 1724
896 59 60 897 1724 441 442 1725
897 60 13 189 1725 442 32 443
15 167 898 164 28 480 1828 386
164 898 899 165 386 1828 1829 387
165 899 900 166 387 1829 1830 388
166 900 156 23 388 1830 486 29
167 168 901 898 480 479 1831 1828
898 901 902 899 1828 1831 1832 1829
899 902 903 900 1829 1832 1833 1830
900 903 157 156 1830 1833 485 486
168 169 904 901 479 478 1834 1831
901 904 905 902 1831 1834 1835 1832
902 905 906 903 1832 1835 1836 1833
903 906 158 157 1833 1836 484 485
169 16 161 904 478 35 481 1834
904 161 162 905 1834 481 482 1835
905 162 163 906 1835 482 483 1836
906 163 6 158 1836 483 36 484
12 252 1195 179 39 521 1921 532
179 1195 1196 180 532 1921 1922 531
180 1196 1197 181 531 1922 1923 530
181 1197 292 17 530 1923 529 42
252 253 1198 1195 521 522 1924 1921
1195 1198 1199 1196 1921 1924 1925 1922
1196 1199 1200 1197 1922 1925 1926 1923
1197 1200 293 292 1923 1926 528 529
253 254 1201 1198 522 523 1927 1924
1198 1201 1202 1199 1924 1927 1928 1925
1199 1202 1203 1200 1925 1928 1929 1926
1200 1203 294 293 1926 1929 527 528
254 21 255 1201 523 40 524 1927
1201 255 256 1202 1927 524 525 1928
1202 256 257 1203 1928 525 526 1929
1203 257 18 294 1929 526 41 527
20 96 1204 173 44 569 2032 582
173 1204 1205 174 582 2032 2033 581
174 1205 1206 175 581 2033 2034 580
175 1206 176 3 580 2034 579 46
96 97 1207 1204 569 568 2035 2032
1204 1207 1208 1205 2032 2035 2036 2033
1205 1208 1209 1206 2033 2036 2037 2034
1206 1209 177 176 2034 2037 578 579
97 98 1210 1207 568 567 2038 2035
1207 1210 1211 1208 2035 2038 2039 2036
1208 1211 1212 1209 2036 2039 2040 2037
1209 1212 178 177 2037 2040 577 578
98 19 99 1210 567 43 574 2038
1210 99 100 1211 2038 574 575 2039
1211 100 101 1212 2039 575 576 2040
1212 101 22 178 2040 576 45 577
21 295 1213 255 40 583 2041 524
255 1213 1214 256 524 2041 2042 525
256 1214 1215 257 525 2042 2043 526
257 1215 1216 18 526 2043 2044 41
18 1216 1217 258 41 2044 2045 533
258 1217 1218 259 533 2045 2046 534
259 1218 1219 260 534 2046 2047 535
260 1219 1220 261 535 2047 2048 536
261 1220 1221 262 536 2048 2049 537
262 1221 1222 263 537 2049 2050 538
263 1222 1223 264 538 2050 2051 539
264 1223 1224 265 539 2051 2052 540
265 1224 1225 266 540 2052 2053 541
266 1225 1226 267 541 2053 2054 542
267 1226 1227 268 542 2054 2055 543
268 1227 1228 269 543 2055 2056 544
269 1228 1229 270 544 2056 2057 545
270 1229 1230 271 545 2057 2058 546
271 1230 1231 272 546 2058 2059 547
272 1231 1232 273 547 2059 2060 548
273 1232 1233 274 548 2060 2061 549
274 1233 1234 275 549 2061 2062 550
275 1234 1235 276 550 2062 2063 551
276 1235 1236 277 551 2063 2064 552
277 1236 1237 278 552 2064 2065 553
278 1237 1238 279 553 2065 2066 554
279 1238 1239 280 554 2066 2067 555
280 1239 1240 281 555 2067 2068 556
281 1240 1241 282 556 2068 2069 557
282 1241 1242 283 557 2069 2070 558
283 1242 1243 284 558 2070 2071 559
284 1243 1244 285 559 2071 2072 560
285 1244 1245 286 560 2072 2073 561
286 1245 1246 287 561 2073 2074 562
287 1246 1247 288 562 2074 2075 563
288 1247 1248 289 563 2075 2076 564
289 1248 1249 290 564 2076 2077 565
290 1249 1250 291 565 2077 2078 566
291 1250 1251 19 566 2078 2079 43
19 1251 1252 99 43 2079 2080 574
99 1252 1253 100 574 2080 2081 575
100 1253 1254 101 575 2081 2082 576
101 1254 102 22 576 2082 636 45
295 296 1255 1213 583 584 2083 2041
1213 1255 1256 1214 2041 2083 2084 2042
1214 1256 1257 1215 2042 2084 2085 2043
1215 1257 1258 1216 2043 2085 2086 2044
1216 1258 1259 1217 2044 2086 2087 2045
1217 1259 1260 1218 2045 2087 2088 2046
1218 1260 1261 1219 2046 2088 2089 2047
1219 1261 1262 1220 2047 2089 2090 2048
1220 1262 1263 1221 2048 2090 2091 2049
1221 1263 1264 1222 2049 2091 2092 2050
1222 1264 1265 1223 2050 2092 2093 2051
1223 1265 1266 1224 2051 2093 2094 2052
1224 1266 1267 1225 2052 2094 2095 2053
1225 1267 1268 1226 2053 2095 2096 2054
1226 1268 1269 1227 2054 2096 2097 2055
1227 1269 1270 1228 2055 2097 2098 2056
1228 1270 1271 1229 2056 2098 2099 2057
1229 1271 1272 1230 2057 2099 2100 2058
1230 1272 1273 1231 2058 2100 2101 2059
1231 1273 1274 1232 2059 2101 2102 2060
1232 1274 1275 1233 2060 2102 2103 2061
1233 1275 1276 1234 2061 2103 2104 2062
1234 1276 1277 1235 2062 2104 2105 2063
1235 1277 1278 1236 2063 2105 2106 2064
1236 1278 1279 1237 2064 2106 2107 2065
1237 1279 1280 1238 2065 2107 2108 2066
1238 1280 1281 1239 2066 2108 2109 2067
1239 1281 1282 1240 2067 2109 2110 2068
1240 1282 1283 1241 2068 2110 2111 2069
1241 1283 1284 1242 2069 2111 2112 2070
1242 1284 1285 1243 2070 2112 2113 2071
1243 1285 1286 1244 2071 2113 2114 2072
1244 1286 1287 1245 2072 2114 2115 2073
1245 1287 1288 1246 2073 2115 2116 2074
1246 1288 1289 1247 2074 2116 2117 2075
1247 1289 1290 1248 2075 2117 2118 2076
1248 1290 1291 1249 2076 2118 2119 2077
1249 1291 1292 1250 2077 2119 2120 2078
1250 1292 1293 1251 2078 2120 2121 2079
1251 1293 1294 1252 2079 2121 2122 2080
1252 1294 1295 1253 2080 2122 2123 2081
1253 1295 1296 1254 2081 2123 2124 2082
1254 1296 103 102 2082 2124 635 636
296 297 1297 1255 584 585 2125 2083
1255 1297 1298 1256 2083 2125 2126 2084
1256 1298 1299 1257 2084 2126 2127 2085
1257 1299 1300 1258 2085 2127 2128 2086
1258 1300 1301 1259 2086 2128 2129 2087
1259 1301 1302 1260 2087 2129 2130 2088
1260 1302 1303 1261 2088 2130 2131 2089
1261 1303 1304 1262 2089 2131 2132 2090
1262 1304 1305 1263 2090 2132 2133 2091
1263 1305 1306 1264 2091 2133 2134 2092
1264 1306 1307 1265 2092 2134 2135 2093
1265 1307 1308 1266 2093 2135 2136 2094
1266 1308 1309 1267 2094 2136 2137 2095
1267 1309 1310 1268 2095 2137 2138 2096
1268 1310 1311 1269 2096 2138 2139 2097
1269 1311 1312 1270 2097 2139 2140 2098
1270 1312 1313 1271 2098 2140 2141 2099
1271 1313 1314 1272 2099 2141 2142 2100
1272 1314 1315 1273 2100 2142 2143 2101
1273 1315 1316 1274 2101 2143 2144 2102
1274 1316 1317 1275 2102 2144 2145 2103
1275 1317 1318 1276 2103 2145 2146 2104
1276 1318 1319 1277 2104 2146 2147 2105
1277 1319 1320 1278 2105 2147 2148 2106
1278 1320 1321 1279 2106 2148 2149 2107
1279 1321 1322 1280 2107 2149 2150 2108
1280 1322 1323 1281 2108 2150 2151 2109
1281 1323 1324 1282 2109 2151 2152 2110
1282 1324 1325 1283 2110 2152 2153 2111
1283 1325 1326 1284 2111 2153 2154 2112
1284 1326 1327 1285 2112 2154 2155 2113
1285 1327 1328 1286 2113 2155 2156 2114
1286 1328 1329 1287 2114 2156 2157 2115
1287 1329 1330 1288 2115 2157 2158 2116
1288 1330 1331 1289 2116 2158 2159 2117
1289 1331 1332 1290 2117 2159 2160 2118
1290 1332 1333 1291 2118 2160 2161 2119
1291 1333 1334 1292 2119 2161 2162 2120
1292 1334 1335 1293 2120 2162 2163 2121
1293 1335 1336 1294 2121 2163 2164 2122
1294 1336 1337 1295 2122 2164 2165 2123
1295 1337 1338 1296 2123 2165 2166 2124
1296 1338 104 103 2124 2166 634 635
297 298 1339 1297 585 586 2167 2125
1297 1339 1340 1298 2125 2167 2168 2126
1298 1340 1341 1299 2126 2168 2169 2127
1299 1341 1342 1300 2127 2169 2170 2128
1300 1342 1343 1301 2128 2170 2171 2129
1301 1343 1344 1302 2129 2171 2172 2130
1302 1344 1345 1303 2130 2172 2173 2131
1303 1345 1346 1304 2131 2173 2174 2132
1304 1346 1347 1305 2132 2174 2175 2133
1305 1347 1348 1306 2133 2175 2176 2134
1306 1348 1349 1307 2134 2176 2177 2135
1307 1349 1350 1308 2135 2177 2178 2136
1308 1350 1351 1309 2136 2178 2179 2137
1309 1351 1352 1310 2137 2179 2180 2138
1310 1352 1353 1311 2138 2180 2181 2139
1311 1353 1354 1312 2139 2181 2182 2140
1312 1354 1355 1313 2140 2182 2183 2141
1313 1355 1356 1314 2141 2183 2184 2142
1314 1356 1357 1315 2142 2184 2185 2143
1315 1357 1358 1316 2143 2185 2186 2144
1316 1358 1359 1317 2144 2186 2187 2145
1317 1359 1360 1318 2145 2187 2188 2146
1318 1360 1361 1319 2146 2188 2189 2147
1319 1361 1362 1320 2147 2189 2190 2148
1320 1362 1363 1321 2148 2190 2191 2149
1321 1363 1364 1322 2149 2191 2192 2150
1322 1364 1365 1323 2150 2192 2193 2151
1323 1365 1366 1324 2151 2193 2194 2152
1324 1366 1367 1325 2152 2194 2195 2153
1325 1367 1368 1326 2153 2195 2196 2154
1326 1368 1369 1327 2154 2196 2197 2155
1327 1369 1370 1328 2155 2197 2198 2156
1328 1370 1371 1329 2156 2198 2199 2157
1329 1371 1372 1330 2157 2199 2200 2158
1330 1372 1373 1331 2158 2200 2201 2159
1331 1373 1374 1332 2159 2201 2202 2160
1332 1374 1375 1333 2160 2202 2203 2161
1333 1375 1376 1334 2161 2203 2204 2162
1334 1376 1377 1335 2162 2204 2205 2163
1335 1377 1378 1336 2163 2205 2206 2164
1336 1378 1379 1337 2164 2206 2207 2165
1337 1379 1380 1338 2165 2207 2208 2166
1338 1380 105 104 2166 2208 633 634
298 299 1381 1339 586 587 2209 2167
1339 1381 1382 1340 2167 2209 2210 2168
1340 1382 1383 1341 2168 2210 2211 2169
1341 1383 1384 1342 2169 2211 2212 2170
1342 1384 1385 1343 2170 2212 2213 2171
1343 1385 1386 1344 2171 2213 2214 2172
1344 1386 1387 1345 2172 2214 2215 2173
1345 1387 1388 1346 2173 2215 2216 2174
1346 1388 1389 1347 2174 2216 2217 2175
1347 1389 1390 1348 2175 2217 2218 2176
1348 1390 1391 1349 2176 2218 2219 2177
1349 1391 1392 1350 2177 2219 2220 2178
1350 1392 1393 1351 2178 2220 2221 2179
1351 1393 1394 1352 2179 2221 2222 2180
1352 1394 1395 1353 2180 2222 2223 2181
1353 1395 1396 1354 2181 2223 2224 2182
1354 1396 1397 1355 2182 2224 2225 2183
1355 1397 1398 1356 2183 2225 2226 2184
1356 1398 1399 1357 2184 2226 2227 2185
1357 1399 1400 1358 2185 2227 2228 2186
1358 1400 1401 1359 2186 2228 2229 2187
1359 1401 1402 1360 2187 2229 2230 2188
1360 1402 1403 1361 2188 2230 2231 2189
1361 1403 1404 1362 2189 2231 2232 2190
1362 1404 1405 1363 2190 2232 2233 2191
1363 1405 1406 1364 2191 2233 2234 2192
1364 1406 1407 1365 2192 2234 2235 2193
1365 1407 1408 1366 2193 2235 2236 2194
1366 1408 1409 1367 2194 2236 2237 2195
1367 1409 1410 1368 2195 2237 2238 2196
1368 1410 1411 1369 2196 2238 2239 2197
1369 1411 1412 1370 2197 2239 2240 2198
1370 1412 1413 1371 2198 2240 2241 2199
1371 1413 1414 1372 2199 2241 2242 2200
1372 1414 1415 1373 2200 2242 2243 2201
1373 1415 1416 1374 2201 2243 2244 2202
1374 1416 1417 1375 2202 2244 2245 2203
1375 1417 1418 1376 2203 2245 2246 2204
1376 1418 1419 1377 2204 2246 2247 2205
1377 1419 1420 1378 2205 2247 2248 2206
1378 1420 1421 1379 2206 2248 2249 2207
1379 1421 1422 1380 2207 2249 2250 2208
1380 1422 106 105 2208 2250 632 633
299 300 1423 1381 587 588 2251 2209
1381 1423 1424 1382 2209 2251 2252 2210
1382 1424 1425 1383 2210 2252 2253 2211
1383 1425 1426 1384 2211 2253 2254 2212
1384 1426 1427 1385 2212 2254 2255 2213
1385 1427 1428 1386 2213 2255 2256 2214
1386 1428 1429 1387 2214 2256 2257 2215
1387 1429 1430 1388 2215 2257 2258 2216
1388 1430 1431 1389 2216 2258 2259 2217
1389 1431 1432 1390 2217 2259 2260 2218
1390 1432 1433 1391 2218 2260 2261 2219
1391 1433 1434 1392 2219 2261 2262 2220
1392 1434 1435 1393 2220 2262 2263 2221
1393 1435 1436 1394 2221 2263 2264 2222
1394 1436 1437 1395 2222 2264 2265 2223
1395 1437 1438 1396 2223 2265 2266 2224
1396 1438 1439 1397 2224 2266 2267 2225
1397 1439 1440 1398 2225 2267 2268 2226
1398 1440 1441 1399 2226 2268 2269 2227
1399 1441 1442 1400 2227 2269 2270 2228
1400 1442 1443 1401 2228 2270 2271 2229
1401 1443 1444 1402 2229 2271 2272 2230
1402 1444 1445 1403 2230 2272 2273 2231
1403 1445 1446 1404 2231 2273 2274 2232
1404 1446 1447 1405 2232 2274 2275 2233
1405 1447 1448 1406 2233 2275 2276 2234
1406 1448 1449 1407 2234 2276 2277 2235
1407 1449 1450 1408 2235 2277 2278 2236
1408 1450 1451 1409 2236 2278 2279 2237
1409 1451 1452 1410 2237 2279 2280 2238
1410 1452 1453 1411 2238 2280 2281 2239
1411 1453 1454 1412 2239 2281 2282 2240
1412 1454 1455 1413 2240 2282 2283 2241
1413 1455 1456 1414 2241 2283 2284 2242
1414 1456 1457 1415 2242 2284 2285 2243
1415 1457 1458 1416 2243 2285 2286 2244
1416 1458 1459 1417 2244 2286 2287 2245
1417 1459 1460 1418 2245 2287 2288 2246
1418 1460 1461 1419 2246 2288 2289 2247
1419 1461 1462 1420 2247 2289 2290 2248
1420 1462 1463 1421 2248 2290 2291 2249
1421 1463 1464 1422 2249 2291 2292 2250
1422 1464 107 106 2250 2292 631 632
300 1 301 1423 588 47 589 2251
1423 301 302 1424 2251 589 590 2252
1424 302 303 1425 2252 590 591 2253
1425 303 304 1426 2253 591 592 2254
1426 304 305 1427 2254 592 593 2255
1427 305 306 1428 2255 593 594 2256
1428 306 307 1429 2256 594 595 2257
1429 307 308 1430 2257 595 596 2258
1430 308 309 1431 2258 596 597 2259
1431 309 310 1432 2259 597 598 2260
1432 310 311 1433 2260 598 599 2261
1433 311 312 1434 2261 599 600 2262
1434 312 313 1435 2262 600 601 2263
1435 313 314 1436 2263 601 602 2264
1436 314 315 1437 2264 602 603 2265
1437 315 316 1438 2265 603 604 2266
1438 316 317 1439 2266 604 605 2267
1439 317 318 1440 2267 605 606 2268
1440 318 319 1441 2268 606 607 2269
1441 319 320 1442 2269 607 608 2270
1442 320 321 1443 2270 608 609 2271
1443 321 322 1444 2271 609 610 2272
1444 322 323 1445 2272 610 611 2273
1445 323 324 1446 2273 611 612 2274
1446 324 325 1447 2274 612 613 2275
1447 325 326 1448 2275 613 614 2276
1448 326 327 1449 2276 614 615 2277
1449 327 328 1450 2277 615 616 2278
1450 328 329 1451 2278 616 617 2279
1451 329 330 1452 2279 617 618 2280
1452 330 331 1453 2280 618 619 2281
1453 331 332 1454 2281 619 620 2282
1454 332 333 1455 2282 620 621 2283
1455 333 334 1456 2283 621 622 2284
1456 334 335 1457 2284 622 623 2285
1457 335 336 1458 2285 623 624 2286
1458 336 337 1459 2286 624 625 2287
1459 337 338 1460 2287 625 626 2288
1460 338 339 1461 2288 626 627 2289
1461 339 340 1462 2289 627 628 2290
1462 340 341 1463 2290 628 629 2291
1463 341 342 1464 2291 629 630 2292
1464 342 2 107 2292 630 48 631
