14 187 907 190 27 445 1726 352
190 907 908 191 352 1726 1727 353
191 908 909 192 353 1727 1728 354
192 909 910 193 354 1728 1729 355
193 910 911 194 355 1729 1730 356
194 911 912 195 356 1730 1731 357
195 912 913 196 357 1731 1732 358
196 913 914 197 358 1732 1733 359
197 914 915 198 359 1733 1734 360
198 915 916 199 360 1734 1735 361
199 916 917 200 361 1735 1736 362
200 917 918 201 362 1736 1737 363
201 918 919 202 363 1737 1738 364
202 919 920 203 364 1738 1739 365
203 920 921 204 365 1739 1740 366
204 921 922 205 366 1740 1741 367
205 922 923 206 367 1741 1742 368
206 923 924 207 368 1742 1743 369
207 924 925 208 369 1743 1744 370
208 925 926 209 370 1744 1745 371
209 926 927 210 371 1745 1746 372
210 927 928 211 372 1746 1747 373
211 928 929 212 373 1747 1748 374
212 929 930 213 374 1748 1749 375
213 930 931 214 375 1749 1750 376
214 931 932 215 376 1750 1751 377
215 932 933 216 377 1751 1752 378
216 933 934 217 378 1752 1753 379
217 934 935 218 379 1753 1754 380
218 935 936 219 380 1754 1755 381
219 936 937 220 381 1755 1756 382
220 937 938 221 382 1756 1757 383
221 938 939 222 383 1757 1758 384
222 939 940 223 384 1758 1759 385
223 940 167 15 385 1759 480 28
187 188 941 907 445 444 1760 1726
907 941 942 908 1726 1760 1761 1727
908 942 943 909 1727 1761 1762 1728
909 943 944 910 1728 1762 1763 1729
910 944 945 911 1729 1763 1764 1730
911 945 946 912 1730 1764 1765 1731
912 946 947 913 1731 1765 1766 1732
913 947 948 914 1732 1766 1767 1733
914 948 949 915 1733 1767 1768 1734
915 949 950 916 1734 1768 1769 1735
916 950 951 917 1735 1769 1770 1736
917 951 952 918 1736 1770 1771 1737
918 952 953 919 1737 1771 1772 1738
919 953 954 920 1738 1772 1773 1739
920 954 955 921 1739 1773 1774 1740
921 955 956 922 1740 1774 1775 1741
922 956 957 923 1741 1775 1776 1742
923 957 958 924 1742 1776 1777 1743
924 958 959 925 1743 1777 1778 1744
925 959 960 926 1744 1778 1779 1745
926 960 961 927 1745 1779 1780 1746
927 961 962 928 1746 1780 1781 1747
928 962 963 929 1747 1781 1782 1748
929 963 964 930 1748 1782 1783 1749
930 964 965 931 1749 1783 1784 1750
931 965 966 932 1750 1784 1785 1751
932 966 967 933 1751 1785 1786 1752
933 967 968 934 1752 1786 1787 1753
934 968 969 935 1753 1787 1788 1754
935 969 970 936 1754 1788 1789 1755
936 970 971 937 1755 1789 1790 1756
937 971 972 938 1756 1790 1791 1757
938 972 973 939 1757 1791 1792 1758
939 973 974 940 1758 1792 1793 1759
940 974 168 167 1759 1793 479 480
188 189 975 941 444 443 1794 1760
941 975 976 942 1760 1794 1795 1761
942 976 977 943 1761 1795 1796 1762
943 977 978 944 1762 1796 1797 1763
944 978 979 945 1763 1797 1798 1764
945 979 980 946 1764 1798 1799 1765
946 980 981 947 1765 1799 1800 1766
947 981 982 948 1766 1800 1801 1767
948 982 983 949 1767 1801 1802 1768
949 983 984 950 1768 1802 1803 1769
950 984 985 951 1769 1803 1804 1770
951 985 986 952 1770 1804 1805 1771
952 986 987 953 1771 1805 1806 1772
953 987 988 954 1772 1806 1807 1773
954 988 989 955 1773 1807 1808 1774
955 989 990 956 1774 1808 1809 1775
956 990 991 957 1775 1809 1810 1776
957 991 992 958 1776 1810 1811 1777
958 992 993 959 1777 1811 1812 1778
959 993 994 960 1778 1812 1813 1779
960 994 995 961 1779 1813 1814 1780
961 995 996 962 1780 1814 1815 1781
962 996 997 963 1781 1815 1816 1782
963 997 998 964 1782 1816 1817 1783
964 998 999 965 1783 1817 1818 1784
965 999 1000 966 1784 1818 1819 1785
966 1000 1001 967 1785 1819 1820 1786
967 1001 1002 968 1786 1820 1821 1787
968 1002 1003 969 1787 1821 1822 1788
969 1003 1004 970 1788 1822 1823 1789
970 1004 1005 971 1789 1823 1824 1790
971 1005 1006 972 1790 1824 1825 1791
972 1006 1007 973 1791 1825 1826 1792
973 1007 1008 974 1792 1826 1827 1793
974 1008 169 168 1793 1827 478 479
189 13 61 975 443 32 446 1794
975 61 62 976 1794 446 447 1795
976 62 10 977 1795 447 33 1796
977 10 224 978 1796 33 448 1797
978 224 225 979 1797 448 449 1798
979 225 226 980 1798 449 450 1799
980 226 227 981 1799 450 451 1800
981 227 228 982 1800 451 452 1801
982 228 229 983 1801 452 453 1802
983 229 230 984 1802 453 454 1803
984 230 231 985 1803 454 455 1804
985 231 232 986 1804 455 456 1805
986 232 233 987 1805 456 457 1806
987 233 234 988 1806 457 458 1807
988 234 235 989 1807 458 459 1808
989 235 236 990 1808 459 460 1809
990 236 237 991 1809 460 461 1810
991 237 238 992 1810 461 462 1811
992 238 239 993 1811 462 463 1812
993 239 240 994 1812 463 464 1813
994 240 241 995 1813 464 465 1814
995 241 242 996 1814 465 466 1815
996 242 243 997 1815 466 467 1816
997 243 244 998 1816 467 468 1817
998 244 245 999 1817 468 469 1818
999 245 246 1000 1818 469 470 1819
1000 246 247 1001 1819 470 471 1820
1001 247 248 1002 1820 471 472 1821
1002 248 249 1003 1821 472 473 1822
1003 249 250 1004 1822 473 474 1823
1004 250 251 1005 1823 474 475 1824
1005 251 5 1006 1824 475 34 1825
1006 5 159 1007 1825 34 476 1826
1007 159 160 1008 1826 476 477 1827
1008 160 16 169 1827 477 35 478
17 292 1093 182 42 529 1930 573
182 1093 1094 183 573 1930 1931 572
183 1094 1095 11 572 1931 1932 37
11 1095 1096 66 37 1932 1933 490
66 1096 1097 67 490 1933 1934 491
67 1097 1098 68 491 1934 1935 492
68 1098 1099 69 492 1935 1936 493
69 1099 1100 70 493 1936 1937 494
70 1100 1101 71 494 1937 1938 495
71 1101 1102 72 495 1938 1939 496
72 1102 1103 73 496 1939 1940 497
73 1103 1104 74 497 1940 1941 498
74 1104 1105 75 498 1941 1942 499
75 1105 1106 76 499 1942 1943 500
76 1106 1107 77 500 1943 1944 501
77 1107 1108 78 501 1944 1945 502
78 1108 1109 79 502 1945 1946 503
79 1109 1110 80 503 1946 1947 504
80 1110 1111 81 504 1947 1948 505
81 1111 1112 82 505 1948 1949 506
82 1112 1113 83 506 1949 1950 507
83 1113 1114 84 507 1950 1951 508
84 1114 1115 85 508 1951 1952 509
85 1115 1116 86 509 1952 1953 510
86 1116 1117 87 510 1953 1954 511
87 1117 1118 88 511 1954 1955 512
88 1118 1119 89 512 1955 1956 513
89 1119 1120 90 513 1956 1957 514
90 1120 1121 91 514 1957 1958 515
91 1121 1122 92 515 1958 1959 516
92 1122 1123 93 516 1959 1960 517
93 1123 1124 4 517 1960 1961 38
4 1124 1125 94 38 1961 1962 571
94 1125 1126 95 571 1962 1963 570
95 1126 96 20 570 1963 569 44
292 293 1127 1093 529 528 1964 1930
1093 1127 1128 1094 1930 1964 1965 1931
1094 1128 1129 1095 1931 1965 1966 1932
1095 1129 1130 1096 1932 1966 1967 1933
1096 1130 1131 1097 1933 1967 1968 1934
1097 1131 1132 1098 1934 1968 1969 1935
1098 1132 1133 1099 1935 1969 1970 1936
1099 1133 1134 1100 1936 1970 1971 1937
1100 1134 1135 1101 1937 1971 1972 1938
1101 1135 1136 1102 1938 1972 1973 1939
1102 1136 1137 1103 1939 1973 1974 1940
1103 1137 1138 1104 1940 1974 1975 1941
1104 1138 1139 1105 1941 1975 1976 1942
1105 1139 1140 1106 1942 1976 1977 1943
1106 1140 1141 1107 1943 1977 1978 1944
1107 1141 1142 1108 1944 1978 1979 1945
1108 1142 1143 1109 1945 1979 1980 1946
1109 1143 1144 1110 1946 1980 1981 1947
1110 1144 1145 1111 1947 1981 1982 1948
1111 1145 1146 1112 1948 1982 1983 1949
1112 1146 1147 1113 1949 1983 1984 1950
1113 1147 1148 1114 1950 1984 1985 1951
1114 1148 1149 1115 1951 1985 1986 1952
1115 1149 1150 1116 1952 1986 1987 1953
1116 1150 1151 1117 1953 1987 1988 1954
1117 1151 1152 1118 1954 1988 1989 1955
1118 1152 1153 1119 1955 1989 1990 1956
1119 1153 1154 1120 1956 1990 1991 1957
1120 1154 1155 1121 1957 1991 1992 1958
1121 1155 1156 1122 1958 1992 1993 1959
1122 1156 1157 1123 1959 1993 1994 1960
1123 1157 1158 1124 1960 1994 1995 1961
1124 1158 1159 1125 1961 1995 1996 1962
1125 1159 1160 1126 1962 1996 1997 1963
1126 1160 97 96 1963 1997 568 569
293 294 1161 1127 528 527 1998 1964
1127 1161 1162 1128 1964 1998 1999 1965
1128 1162 1163 1129 1965 1999 2000 1966
1129 1163 1164 1130 1966 2000 2001 1967
1130 1164 1165 1131 1967 2001 2002 1968
1131 1165 1166 1132 1968 2002 2003 1969
1132 1166 1167 1133 1969 2003 2004 1970
1133 1167 1168 1134 1970 2004 2005 1971
1134 1168 1169 1135 1971 2005 2006 1972
1135 1169 1170 1136 1972 2006 2007 1973
1136 1170 1171 1137 1973 2007 2008 1974
1137 1171 1172 1138 1974 2008 2009 1975
1138 1172 1173 1139 1975 2009 2010 1976
1139 1173 1174 1140 1976 2010 2011 1977
1140 1174 1175 1141 1977 2011 2012 1978
1141 1175 1176 1142 1978 2012 2013 1979
1142 1176 1177 1143 1979 2013 2014 1980
1143 1177 1178 1144 1980 2014 2015 1981
1144 1178 1179 1145 1981 2015 2016 1982
1145 1179 1180 1146 1982 2016 2017 1983
1146 1180 1181 1147 1983 2017 2018 1984
1147 1181 1182 1148 1984 2018 2019 1985
1148 1182 1183 1149 1985 2019 2020 1986
1149 1183 1184 1150 1986 2020 2021 1987
1150 1184 1185 1151 1987 2021 2022 1988
1151 1185 1186 1152 1988 2022 2023 1989
1152 1186 1187 1153 1989 2023 2024 1990
1153 1187 1188 1154 1990 2024 2025 1991
1154 1188 1189 1155 1991 2025 2026 1992
1155 1189 1190 1156 1992 2026 2027 1993
1156 1190 1191 1157 1993 2027 2028 1994
1157 1191 1192 1158 1994 2028 2029 1995
1158 1192 1193 1159 1995 2029 2030 1996
1159 1193 1194 1160 1996 2030 2031 1997
1160 1194 98 97 1997 2031 567 568
294 18 258 1161 527 41 533 1998
1161 258 259 1162 1998 533 534 1999
1162 259 260 1163 1999 534 535 2000
1163 260 261 1164 2000 535 536 2001
1164 261 262 1165 2001 536 537 2002
1165 262 263 1166 2002 537 538 2003
1166 263 264 1167 2003 538 539 2004
1167 264 265 1168 2004 539 540 2005
1168 265 266 1169 2005 540 541 2006
1169 266 267 1170 2006 541 542 2007
1170 267 268 1171 2007 542 543 2008
1171 268 269 1172 2008 543 544 2009
1172 269 270 1173 2009 544 545 2010
1173 270 271 1174 2010 545 546 2011
1174 271 272 1175 2011 546 547 2012
1175 272 273 1176 2012 547 548 2013
1176 273 274 1177 2013 548 549 2014
1177 274 275 1178 2014 549 550 2015
1178 275 276 1179 2015 550 551 2016
1179 276 277 1180 2016 551 552 2017
1180 277 278 1181 2017 552 553 2018
1181 278 279 1182 2018 553 554 2019
1182 279 280 1183 2019 554 555 2020
1183 280 281 1184 2020 555 556 2021
1184 281 282 1185 2021 556 557 2022
1185 282 283 1186 2022 557 558 2023
1186 283 284 1187 2023 558 559 2024
1187 284 285 1188 2024 559 560 2025
1188 285 286 1189 2025 560 561 2026
1189 286 287 1190 2026 561 562 2027
1190 287 288 1191 2027 562 563 2028
1191 288 289 1192 2028 563 564 2029
1192 289 290 1193 2029 564 565 2030
1193 290 291 1194 2030 565 566 2031
1194 291 19 98 2031 566 43 567
