0.000000 0.000000 0.000000
70.000000 0.000000 0.000000
70.000000 28.000000 0.000000
55.000000 28.000000 0.000000
55.000000 32.000000 0.000000
70.000000 32.000000 0.000000
70.000000 60.000000 0.000000
0.000000 60.000000 0.000000
0.000000 32.000000 0.000000
15.000000 32.000000 0.000000
15.000000 28.000000 0.000000
0.000000 28.000000 0.000000
10.000000 32.000000 0.000000
10.000000 38.000000 0.000000
60.000000 38.000000 0.000000
60.000000 32.000000 0.000000
10.000000 28.000000 0.000000
10.000000 22.000000 0.000000
60.000000 22.000000 0.000000
60.000000 28.000000 0.000000
0.000000 22.000000 0.000000
70.000000 22.000000 0.000000
70.000000 38.000000 0.000000
0.000000 38.000000 0.000000
0.000000 60.000000 1.000000
0.000000 38.000000 1.000000
10.000000 38.000000 1.000000
60.000000 38.000000 1.000000
70.000000 38.000000 1.000000
70.000000 60.000000 1.000000
0.000000 32.000000 1.000000
10.000000 32.000000 1.000000
15.000000 32.000000 1.000000
55.000000 32.000000 1.000000
60.000000 32.000000 1.000000
70.000000 32.000000 1.000000
15.000000 28.000000 1.000000
55.000000 28.000000 1.000000
0.000000 28.000000 1.000000
0.000000 22.000000 1.000000
10.000000 22.000000 1.000000
10.000000 28.000000 1.000000
60.000000 22.000000 1.000000
60.000000 28.000000 1.000000
70.000000 22.000000 1.000000
70.000000 28.000000 1.000000
0.000000 0.000000 1.000000
70.000000 0.000000 1.000000
0.000000 56.857143 0.000000
0.000000 53.714286 0.000000
0.000000 50.571429 0.000000
0.000000 47.428571 0.000000
0.000000 44.285714 0.000000
0.000000 41.142857 0.000000
0.000000 36.500000 0.000000
0.000000 35.000000 0.000000
0.000000 33.500000 0.000000
2.500000 32.000000 0.000000
5.000000 32.000000 0.000000
7.500000 32.000000 0.000000
11.666667 32.000000 0.000000
13.333333 32.000000 0.000000
15.000000 31.000000 0.000000
15.000000 30.000000 0.000000
15.000000 29.000000 0.000000
16.379310 28.000000 0.000000
17.758621 28.000000 0.000000
19.137931 28.000000 0.000000
20.517241 28.000000 0.000000
21.896552 28.000000 0.000000
23.275862 28.000000 0.000000
24.655172 28.000000 0.000000
26.034483 28.000000 0.000000
27.413793 28.000000 0.000000
28.793103 28.000000 0.000000
30.172414 28.000000 0.000000
31.551724 28.000000 0.000000
32.931034 28.000000 0.000000
34.310345 28.000000 0.000000
35.689655 28.000000 0.000000
37.068966 28.000000 0.000000
38.448276 28.000000 0.000000
39.827586 28.000000 0.000000
41.206897 28.000000 0.000000
42.586207 28.000000 0.000000
43.965517 28.000000 0.000000
45.344828 28.000000 0.000000
46.724138 28.000000 0.000000
48.103448 28.000000 0.000000
49.482759 28.000000 0.000000
50.862069 28.000000 0.000000
52.241379 28.000000 0.000000
53.620690 28.000000 0.000000
56.666667 28.000000 0.000000
58.333333 28.000000 0.000000
60.000000 26.500000 0.000000
60.000000 25.000000 0.000000
60.000000 23.500000 0.000000
62.500000 22.000000 0.000000
65.000000 22.000000 0.000000
67.500000 22.000000 0.000000
70.000000 18.857143 0.000000
70.000000 15.714286 0.000000
70.000000 12.571429 0.000000
70.000000 9.428571 0.000000
70.000000 6.285714 0.000000
70.000000 3.142857 0.000000
1.627907 60.000000 0.000000
3.255814 60.000000 0.000000
4.883721 60.000000 0.000000
6.511628 60.000000 0.000000
8.139535 60.000000 0.000000
9.767442 60.000000 0.000000
11.395349 60.000000 0.000000
13.023256 60.000000 0.000000
14.651163 60.000000 0.000000
16.279070 60.000000 0.000000
17.906977 60.000000 0.000000
19.534884 60.000000 0.000000
21.162791 60.000000 0.000000
22.790698 60.000000 0.000000
24.418605 60.000000 0.000000
26.046512 60.000000 0.000000
27.674419 60.000000 0.000000
29.302326 60.000000 0.000000
30.930233 60.000000 0.000000
32.558140 60.000000 0.000000
34.186047 60.000000 0.000000
35.813953 60.000000 0.000000
37.441860 60.000000 0.000000
39.069767 60.000000 0.000000
40.697674 60.000000 0.000000
42.325581 60.000000 0.000000
43.953488 60.000000 0.000000
45.581395 60.000000 0.000000
47.209302 60.000000 0.000000
48.837209 60.000000 0.000000
50.465116 60.000000 0.000000
52.093023 60.000000 0.000000
53.720930 60.000000 0.000000
55.348837 60.000000 0.000000
56.976744 60.000000 0.000000
58.604651 60.000000 0.000000
60.232558 60.000000 0.000000
61.860465 60.000000 0.000000
63.488372 60.000000 0.000000
65.116279 60.000000 0.000000
66.744186 60.000000 0.000000
68.372093 60.000000 0.000000
70.000000 56.857143 0.000000
70.000000 53.714286 0.000000
70.000000 50.571429 0.000000
70.000000 47.428571 0.000000
70.000000 44.285714 0.000000
70.000000 41.142857 0.000000
70.000000 36.500000 0.000000
70.000000 35.000000 0.000000
70.000000 33.500000 0.000000
56.666667 32.000000 0.000000
58.333333 32.000000 0.000000
62.500000 32.000000 0.000000
65.000000 32.000000 0.000000
67.500000 32.000000 0.000000
62.500000 38.000000 0.000000
65.000000 38.000000 0.000000
67.500000 38.000000 0.000000
60.000000 36.500000 0.000000
60.000000 35.000000 0.000000
60.000000 33.500000 0.000000
55.000000 31.000000 0.000000
55.000000 30.000000 0.000000
55.000000 29.000000 0.000000
62.500000 28.000000 0.000000
65.000000 28.000000 0.000000
67.500000 28.000000 0.000000
70.000000 26.500000 0.000000
70.000000 25.000000 0.000000
70.000000 23.500000 0.000000
2.500000 28.000000 0.000000
5.000000 28.000000 0.000000
7.500000 28.000000 0.000000
11.666667 28.000000 0.000000
13.333333 28.000000 0.000000
2.500000 38.000000 0.000000
5.000000 38.000000 0.000000
7.500000 38.000000 0.000000
10.000000 36.500000 0.000000
10.000000 35.000000 0.000000
10.000000 33.500000 0.000000
11.428571 38.000000 0.000000
12.857143 38.000000 0.000000
14.285714 38.000000 0.000000
15.714286 38.000000 0.000000
17.142857 38.000000 0.000000
18.571429 38.000000 0.000000
20.000000 38.000000 0.000000
21.428571 38.000000 0.000000
22.857143 38.000000 0.000000
24.285714 38.000000 0.000000
25.714286 38.000000 0.000000
27.142857 38.000000 0.000000
28.571429 38.000000 0.000000
30.000000 38.000000 0.000000
31.428571 38.000000 0.000000
32.857143 38.000000 0.000000
34.285714 38.000000 0.000000
35.714286 38.000000 0.000000
37.142857 38.000000 0.000000
38.571429 38.000000 0.000000
40.000000 38.000000 0.000000
41.428571 38.000000 0.000000
42.857143 38.000000 0.000000
44.285714 38.000000 0.000000
45.714286 38.000000 0.000000
47.142857 38.000000 0.000000
48.571429 38.000000 0.000000
50.000000 38.000000 0.000000
51.428571 38.000000 0.000000
52.857143 38.000000 0.000000
54.285714 38.000000 0.000000
55.714286 38.000000 0.000000
57.142857 38.000000 0.000000
58.571429 38.000000 0.000000
16.379310 32.000000 0.000000
17.758621 32.000000 0.000000
19.137931 32.000000 0.000000
20.517241 32.000000 0.000000
21.896552 32.000000 0.000000
23.275862 32.000000 0.000000
24.655172 32.000000 0.000000
26.034483 32.000000 0.000000
27.413793 32.000000 0.000000
28.793103 32.000000 0.000000
30.172414 32.000000 0.000000
31.551724 32.000000 0.000000
32.931034 32.000000 0.000000
34.310345 32.000000 0.000000
35.689655 32.000000 0.000000
37.068966 32.000000 0.000000
38.448276 32.000000 0.000000
39.827586 32.000000 0.000000
41.206897 32.000000 0.000000
42.586207 32.000000 0.000000
43.965517 32.000000 0.000000
45.344828 32.000000 0.000000
46.724138 32.000000 0.000000
48.103448 32.000000 0.000000
49.482759 32.000000 0.000000
50.862069 32.000000 0.000000
52.241379 32.000000 0.000000
53.620690 32.000000 0.000000
0.000000 26.500000 0.000000
0.000000 25.000000 0.000000
0.000000 23.500000 0.000000
2.500000 22.000000 0.000000
5.000000 22.000000 0.000000
7.500000 22.000000 0.000000
11.428571 22.000000 0.000000
12.857143 22.000000 0.000000
14.285714 22.000000 0.000000
15.714286 22.000000 0.000000
17.142857 22.000000 0.000000
18.571429 22.000000 0.000000
20.000000 22.000000 0.000000
21.428571 22.000000 0.000000
22.857143 22.000000 0.000000
24.285714 22.000000 0.000000
25.714286 22.000000 0.000000
27.142857 22.000000 0.000000
28.571429 22.000000 0.000000
30.000000 22.000000 0.000000
31.428571 22.000000 0.000000
32.857143 22.000000 0.000000
34.285714 22.000000 0.000000
35.714286 22.000000 0.000000
37.142857 22.000000 0.000000
38.571429 22.000000 0.000000
40.000000 22.000000 0.000000
41.428571 22.000000 0.000000
42.857143 22.000000 0.000000
44.285714 22.000000 0.000000
45.714286 22.000000 0.000000
47.142857 22.000000 0.000000
48.571429 22.000000 0.000000
50.000000 22.000000 0.000000
51.428571 22.000000 0.000000
52.857143 22.000000 0.000000
54.285714 22.000000 0.000000
55.714286 22.000000 0.000000
57.142857 22.000000 0.000000
58.571429 22.000000 0.000000
10.000000 26.500000 0.000000
10.000000 25.000000 0.000000
10.000000 23.500000 0.000000
0.000000 18.857143 0.000000
0.000000 15.714286 0.000000
0.000000 12.571429 0.000000
0.000000 9.428571 0.000000
0.000000 6.285714 0.000000
0.000000 3.142857 0.000000
1.627907 0.000000 0.000000
3.255814 0.000000 0.000000
4.883721 0.000000 0.000000
6.511628 0.000000 0.000000
8.139535 0.000000 0.000000
9.767442 0.000000 0.000000
11.395349 0.000000 0.000000
13.023256 0.000000 0.000000
14.651163 0.000000 0.000000
16.279070 0.000000 0.000000
17.906977 0.000000 0.000000
19.534884 0.000000 0.000000
21.162791 0.000000 0.000000
22.790698 0.000000 0.000000
24.418605 0.000000 0.000000
26.046512 0.000000 0.000000
27.674419 0.000000 0.000000
29.302326 0.000000 0.000000
30.930233 0.000000 0.000000
32.558140 0.000000 0.000000
34.186047 0.000000 0.000000
35.813953 0.000000 0.000000
37.441860 0.000000 0.000000
39.069767 0.000000 0.000000
40.697674 0.000000 0.000000
42.325581 0.000000 0.000000
43.953488 0.000000 0.000000
45.581395 0.000000 0.000000
47.209302 0.000000 0.000000
48.837209 0.000000 0.000000
50.465116 0.000000 0.000000
52.093023 0.000000 0.000000
53.720930 0.000000 0.000000
55.348837 0.000000 0.000000
56.976744 0.000000 0.000000
58.604651 0.000000 0.000000
60.232558 0.000000 0.000000
61.860465 0.000000 0.000000
63.488372 0.000000 0.000000
65.116279 0.000000 0.000000
66.744186 0.000000 0.000000
68.372093 0.000000 0.000000
0.000000 56.857143 1.000000
0.000000 53.714286 1.000000
0.000000 50.571429 1.000000
0.000000 47.428571 1.000000
0.000000 44.285714 1.000000
0.000000 41.142857 1.000000
2.500000 38.000000 1.000000
5.000000 38.000000 1.000000
7.500000 38.000000 1.000000
11.428571 38.000000 1.000000
12.857143 38.000000 1.000000
14.285714 38.000000 1.000000
15.714286 38.000000 1.000000
17.142857 38.000000 1.000000
18.571429 38.000000 1.000000
20.000000 38.000000 1.000000
21.428571 38.000000 1.000000
22.857143 38.000000 1.000000
24.285714 38.000000 1.000000
25.714286 38.000000 1.000000
27.142857 38.000000 1.000000
28.571429 38.000000 1.000000
30.000000 38.000000 1.000000
31.428571 38.000000 1.000000
32.857143 38.000000 1.000000
34.285714 38.000000 1.000000
35.714286 38.000000 1.000000
37.142857 38.000000 1.000000
38.571429 38.000000 1.000000
40.000000 38.000000 1.000000
41.428571 38.000000 1.000000
42.857143 38.000000 1.000000
44.285714 38.000000 1.000000
45.714286 38.000000 1.000000
47.142857 38.000000 1.000000
48.571429 38.000000 1.000000
50.000000 38.000000 1.000000
51.428571 38.000000 1.000000
52.857143 38.000000 1.000000
54.285714 38.000000 1.000000
55.714286 38.000000 1.000000
57.142857 38.000000 1.000000
58.571429 38.000000 1.000000
62.500000 38.000000 1.000000
65.000000 38.000000 1.000000
67.500000 38.000000 1.000000
70.000000 41.142857 1.000000
70.000000 44.285714 1.000000
70.000000 47.428571 1.000000
70.000000 50.571429 1.000000
70.000000 53.714286 1.000000
70.000000 56.857143 1.000000
68.372093 60.000000 1.000000
66.744186 60.000000 1.000000
65.116279 60.000000 1.000000
63.488372 60.000000 1.000000
61.860465 60.000000 1.000000
60.232558 60.000000 1.000000
58.604651 60.000000 1.000000
56.976744 60.000000 1.000000
55.348837 60.000000 1.000000
53.720930 60.000000 1.000000
52.093023 60.000000 1.000000
50.465116 60.000000 1.000000
48.837209 60.000000 1.000000
47.209302 60.000000 1.000000
45.581395 60.000000 1.000000
43.953488 60.000000 1.000000
42.325581 60.000000 1.000000
40.697674 60.000000 1.000000
39.069767 60.000000 1.000000
37.441860 60.000000 1.000000
35.813953 60.000000 1.000000
34.186047 60.000000 1.000000
32.558140 60.000000 1.000000
30.930233 60.000000 1.000000
29.302326 60.000000 1.000000
27.674419 60.000000 1.000000
26.046512 60.000000 1.000000
24.418605 60.000000 1.000000
22.790698 60.000000 1.000000
21.162791 60.000000 1.000000
19.534884 60.000000 1.000000
17.906977 60.000000 1.000000
16.279070 60.000000 1.000000
14.651163 60.000000 1.000000
13.023256 60.000000 1.000000
11.395349 60.000000 1.000000
9.767442 60.000000 1.000000
8.139535 60.000000 1.000000
6.511628 60.000000 1.000000
4.883721 60.000000 1.000000
3.255814 60.000000 1.000000
1.627907 60.000000 1.000000
0.000000 36.500000 1.000000
0.000000 35.000000 1.000000
0.000000 33.500000 1.000000
2.500000 32.000000 1.000000
5.000000 32.000000 1.000000
7.500000 32.000000 1.000000
10.000000 33.500000 1.000000
10.000000 35.000000 1.000000
10.000000 36.500000 1.000000
11.666667 32.000000 1.000000
13.333333 32.000000 1.000000
16.379310 32.000000 1.000000
17.758621 32.000000 1.000000
19.137931 32.000000 1.000000
20.517241 32.000000 1.000000
21.896552 32.000000 1.000000
23.275862 32.000000 1.000000
24.655172 32.000000 1.000000
26.034483 32.000000 1.000000
27.413793 32.000000 1.000000
28.793103 32.000000 1.000000
30.172414 32.000000 1.000000
31.551724 32.000000 1.000000
32.931034 32.000000 1.000000
34.310345 32.000000 1.000000
35.689655 32.000000 1.000000
37.068966 32.000000 1.000000
38.448276 32.000000 1.000000
39.827586 32.000000 1.000000
41.206897 32.000000 1.000000
42.586207 32.000000 1.000000
43.965517 32.000000 1.000000
45.344828 32.000000 1.000000
46.724138 32.000000 1.000000
48.103448 32.000000 1.000000
49.482759 32.000000 1.000000
50.862069 32.000000 1.000000
52.241379 32.000000 1.000000
53.620690 32.000000 1.000000
56.666667 32.000000 1.000000
58.333333 32.000000 1.000000
60.000000 33.500000 1.000000
60.000000 35.000000 1.000000
60.000000 36.500000 1.000000
62.500000 32.000000 1.000000
65.000000 32.000000 1.000000
67.500000 32.000000 1.000000
70.000000 33.500000 1.000000
70.000000 35.000000 1.000000
70.000000 36.500000 1.000000
15.000000 31.000000 1.000000
15.000000 30.000000 1.000000
15.000000 29.000000 1.000000
16.379310 28.000000 1.000000
17.758621 28.000000 1.000000
19.137931 28.000000 1.000000
20.517241 28.000000 1.000000
21.896552 28.000000 1.000000
23.275862 28.000000 1.000000
24.655172 28.000000 1.000000
26.034483 28.000000 1.000000
27.413793 28.000000 1.000000
28.793103 28.000000 1.000000
30.172414 28.000000 1.000000
31.551724 28.000000 1.000000
32.931034 28.000000 1.000000
34.310345 28.000000 1.000000
35.689655 28.000000 1.000000
37.068966 28.000000 1.000000
38.448276 28.000000 1.000000
39.827586 28.000000 1.000000
41.206897 28.000000 1.000000
42.586207 28.000000 1.000000
43.965517 28.000000 1.000000
45.344828 28.000000 1.000000
46.724138 28.000000 1.000000
48.103448 28.000000 1.000000
49.482759 28.000000 1.000000
50.862069 28.000000 1.000000
52.241379 28.000000 1.000000
53.620690 28.000000 1.000000
55.000000 29.000000 1.000000
55.000000 30.000000 1.000000
55.000000 31.000000 1.000000
0.000000 26.500000 1.000000
0.000000 25.000000 1.000000
0.000000 23.500000 1.000000
2.500000 22.000000 1.000000
5.000000 22.000000 1.000000
7.500000 22.000000 1.000000
10.000000 23.500000 1.000000
10.000000 25.000000 1.000000
10.000000 26.500000 1.000000
7.500000 28.000000 1.000000
5.000000 28.000000 1.000000
2.500000 28.000000 1.000000
11.428571 22.000000 1.000000
12.857143 22.000000 1.000000
14.285714 22.000000 1.000000
15.714286 22.000000 1.000000
17.142857 22.000000 1.000000
18.571429 22.000000 1.000000
20.000000 22.000000 1.000000
21.428571 22.000000 1.000000
22.857143 22.000000 1.000000
24.285714 22.000000 1.000000
25.714286 22.000000 1.000000
27.142857 22.000000 1.000000
28.571429 22.000000 1.000000
30.000000 22.000000 1.000000
31.428571 22.000000 1.000000
32.857143 22.000000 1.000000
34.285714 22.000000 1.000000
35.714286 22.000000 1.000000
37.142857 22.000000 1.000000
38.571429 22.000000 1.000000
40.000000 22.000000 1.000000
41.428571 22.000000 1.000000
42.857143 22.000000 1.000000
44.285714 22.000000 1.000000
45.714286 22.000000 1.000000
47.142857 22.000000 1.000000
48.571429 22.000000 1.000000
50.000000 22.000000 1.000000
51.428571 22.000000 1.000000
52.857143 22.000000 1.000000
54.285714 22.000000 1.000000
55.714286 22.000000 1.000000
57.142857 22.000000 1.000000
58.571429 22.000000 1.000000
60.000000 23.500000 1.000000
60.000000 25.000000 1.000000
60.000000 26.500000 1.000000
58.333333 28.000000 1.000000
56.666667 28.000000 1.000000
13.333333 28.000000 1.000000
11.666667 28.000000 1.000000
62.500000 22.000000 1.000000
65.000000 22.000000 1.000000
67.500000 22.000000 1.000000
70.000000 23.500000 1.000000
70.000000 25.000000 1.000000
70.000000 26.500000 1.000000
67.500000 28.000000 1.000000
65.000000 28.000000 1.000000
62.500000 28.000000 1.000000
0.000000 18.857143 1.000000
0.000000 15.714286 1.000000
0.000000 12.571429 1.000000
0.000000 9.428571 1.000000
0.000000 6.285714 1.000000
0.000000 3.142857 1.000000
1.627907 0.000000 1.000000
3.255814 0.000000 1.000000
4.883721 0.000000 1.000000
6.511628 0.000000 1.000000
8.139535 0.000000 1.000000
9.767442 0.000000 1.000000
11.395349 0.000000 1.000000
13.023256 0.000000 1.000000
14.651163 0.000000 1.000000
16.279070 0.000000 1.000000
17.906977 0.000000 1.000000
19.534884 0.000000 1.000000
21.162791 0.000000 1.000000
22.790698 0.000000 1.000000
24.418605 0.000000 1.000000
26.046512 0.000000 1.000000
27.674419 0.000000 1.000000
29.302326 0.000000 1.000000
30.930233 0.000000 1.000000
32.558140 0.000000 1.000000
34.186047 0.000000 1.000000
35.813953 0.000000 1.000000
37.441860 0.000000 1.000000
39.069767 0.000000 1.000000
40.697674 0.000000 1.000000
42.325581 0.000000 1.000000
43.953488 0.000000 1.000000
45.581395 0.000000 1.000000
47.209302 0.000000 1.000000
48.837209 0.000000 1.000000
50.465116 0.000000 1.000000
52.093023 0.000000 1.000000
53.720930 0.000000 1.000000
55.348837 0.000000 1.000000
56.976744 0.000000 1.000000
58.604651 0.000000 1.000000
60.232558 0.000000 1.000000
61.860465 0.000000 1.000000
63.488372 0.000000 1.000000
65.116279 0.000000 1.000000
66.744186 0.000000 1.000000
68.372093 0.000000 1.000000
70.000000 3.142857 1.000000
70.000000 6.285714 1.000000
70.000000 9.428571 1.000000
70.000000 12.571429 1.000000
70.000000 15.714286 1.000000
70.000000 18.857143 1.000000
1.752492 56.857143 0.000000
3.504983 56.857143 0.000000
5.257475 56.857143 0.000000
7.009967 56.857143 0.000000
8.609397 56.857143 0.000000
10.208828 56.857143 0.000000
11.808258 56.857143 0.000000
13.407689 56.857143 0.000000
15.007119 56.857143 0.000000
16.606550 56.857143 0.000000
18.205980 56.857143 0.000000
19.805411 56.857143 0.000000
21.404841 56.857143 0.000000
23.004271 56.857143 0.000000
24.603702 56.857143 0.000000
26.203132 56.857143 0.000000
27.802563 56.857143 0.000000
29.401993 56.857143 0.000000
31.001424 56.857143 0.000000
32.600854 56.857143 0.000000
34.200285 56.857143 0.000000
35.799715 56.857143 0.000000
37.399146 56.857143 0.000000
38.998576 56.857143 0.000000
40.598007 56.857143 0.000000
42.197437 56.857143 0.000000
43.796868 56.857143 0.000000
45.396298 56.857143 0.000000
46.995729 56.857143 0.000000
48.595159 56.857143 0.000000
50.194589 56.857143 0.000000
51.794020 56.857143 0.000000
53.393450 56.857143 0.000000
54.992881 56.857143 0.000000
56.592311 56.857143 0.000000
58.191742 56.857143 0.000000
59.791172 56.857143 0.000000
61.390603 56.857143 0.000000
62.990033 56.857143 0.000000
64.742525 56.857143 0.000000
66.495017 56.857143 0.000000
68.247508 56.857143 0.000000
1.877076 53.714286 0.000000
3.754153 53.714286 0.000000
5.631229 53.714286 0.000000
7.508306 53.714286 0.000000
9.079260 53.714286 0.000000
10.650214 53.714286 0.000000
12.221168 53.714286 0.000000
13.792121 53.714286 0.000000
15.363075 53.714286 0.000000
16.934029 53.714286 0.000000
18.504983 53.714286 0.000000
20.075937 53.714286 0.000000
21.646891 53.714286 0.000000
23.217845 53.714286 0.000000
24.788799 53.714286 0.000000
26.359753 53.714286 0.000000
27.930707 53.714286 0.000000
29.501661 53.714286 0.000000
31.072615 53.714286 0.000000
32.643569 53.714286 0.000000
34.214523 53.714286 0.000000
35.785477 53.714286 0.000000
37.356431 53.714286 0.000000
38.927385 53.714286 0.000000
40.498339 53.714286 0.000000
42.069293 53.714286 0.000000
43.640247 53.714286 0.000000
45.211201 53.714286 0.000000
46.782155 53.714286 0.000000
48.353109 53.714286 0.000000
49.924063 53.714286 0.000000
51.495017 53.714286 0.000000
53.065971 53.714286 0.000000
54.636925 53.714286 0.000000
56.207879 53.714286 0.000000
57.778832 53.714286 0.000000
59.349786 53.714286 0.000000
60.920740 53.714286 0.000000
62.491694 53.714286 0.000000
64.368771 53.714286 0.000000
66.245847 53.714286 0.000000
68.122924 53.714286 0.000000
2.001661 50.571429 0.000000
4.003322 50.571429 0.000000
6.004983 50.571429 0.000000
8.006645 50.571429 0.000000
9.549122 50.571429 0.000000
11.091599 50.571429 0.000000
12.634077 50.571429 0.000000
14.176554 50.571429 0.000000
15.719032 50.571429 0.000000
17.261509 50.571429 0.000000
18.803987 50.571429 0.000000
20.346464 50.571429 0.000000
21.888942 50.571429 0.000000
23.431419 50.571429 0.000000
24.973897 50.571429 0.000000
26.516374 50.571429 0.000000
28.058851 50.571429 0.000000
29.601329 50.571429 0.000000
31.143806 50.571429 0.000000
32.686284 50.571429 0.000000
34.228761 50.571429 0.000000
35.771239 50.571429 0.000000
37.313716 50.571429 0.000000
38.856194 50.571429 0.000000
40.398671 50.571429 0.000000
41.941149 50.571429 0.000000
43.483626 50.571429 0.000000
45.026103 50.571429 0.000000
46.568581 50.571429 0.000000
48.111058 50.571429 0.000000
49.653536 50.571429 0.000000
51.196013 50.571429 0.000000
52.738491 50.571429 0.000000
54.280968 50.571429 0.000000
55.823446 50.571429 0.000000
57.365923 50.571429 0.000000
58.908401 50.571429 0.000000
60.450878 50.571429 0.000000
61.993355 50.571429 0.000000
63.995017 50.571429 0.000000
65.996678 50.571429 0.000000
67.998339 50.571429 0.000000
2.126246 47.428571 0.000000
4.252492 47.428571 0.000000
6.378738 47.428571 0.000000
8.504983 47.428571 0.000000
10.018984 47.428571 0.000000
11.532985 47.428571 0.000000
13.046986 47.428571 0.000000
14.560987 47.428571 0.000000
16.074988 47.428571 0.000000
17.588989 47.428571 0.000000
19.102990 47.428571 0.000000
20.616991 47.428571 0.000000
22.130992 47.428571 0.000000
23.644993 47.428571 0.000000
25.158994 47.428571 0.000000
26.672995 47.428571 0.000000
28.186996 47.428571 0.000000
29.700997 47.428571 0.000000
31.214998 47.428571 0.000000
32.728999 47.428571 0.000000
34.243000 47.428571 0.000000
35.757000 47.428571 0.000000
37.271001 47.428571 0.000000
38.785002 47.428571 0.000000
40.299003 47.428571 0.000000
41.813004 47.428571 0.000000
43.327005 47.428571 0.000000
44.841006 47.428571 0.000000
46.355007 47.428571 0.000000
47.869008 47.428571 0.000000
49.383009 47.428571 0.000000
50.897010 47.428571 0.000000
52.411011 47.428571 0.000000
53.925012 47.428571 0.000000
55.439013 47.428571 0.000000
56.953014 47.428571 0.000000
58.467015 47.428571 0.000000
59.981016 47.428571 0.000000
61.495017 47.428571 0.000000
63.621262 47.428571 0.000000
65.747508 47.428571 0.000000
67.873754 47.428571 0.000000
2.250831 44.285714 0.000000
4.501661 44.285714 0.000000
6.752492 44.285714 0.000000
9.003322 44.285714 0.000000
10.488847 44.285714 0.000000
11.974371 44.285714 0.000000
13.459896 44.285714 0.000000
14.945420 44.285714 0.000000
16.430944 44.285714 0.000000
17.916469 44.285714 0.000000
19.401993 44.285714 0.000000
20.887518 44.285714 0.000000
22.373042 44.285714 0.000000
23.858567 44.285714 0.000000
25.344091 44.285714 0.000000
26.829616 44.285714 0.000000
28.315140 44.285714 0.000000
29.800664 44.285714 0.000000
31.286189 44.285714 0.000000
32.771713 44.285714 0.000000
34.257238 44.285714 0.000000
35.742762 44.285714 0.000000
37.228287 44.285714 0.000000
38.713811 44.285714 0.000000
40.199336 44.285714 0.000000
41.684860 44.285714 0.000000
43.170384 44.285714 0.000000
44.655909 44.285714 0.000000
46.141433 44.285714 0.000000
47.626958 44.285714 0.000000
49.112482 44.285714 0.000000
50.598007 44.285714 0.000000
52.083531 44.285714 0.000000
53.569056 44.285714 0.000000
55.054580 44.285714 0.000000
56.540104 44.285714 0.000000
58.025629 44.285714 0.000000
59.511153 44.285714 0.000000
60.996678 44.285714 0.000000
63.247508 44.285714 0.000000
65.498339 44.285714 0.000000
67.749169 44.285714 0.000000
2.375415 41.142857 0.000000
4.750831 41.142857 0.000000
7.126246 41.142857 0.000000
9.501661 41.142857 0.000000
10.958709 41.142857 0.000000
12.415757 41.142857 0.000000
13.872805 41.142857 0.000000
15.329853 41.142857 0.000000
16.786901 41.142857 0.000000
18.243949 41.142857 0.000000
19.700997 41.142857 0.000000
21.158045 41.142857 0.000000
22.615093 41.142857 0.000000
24.072140 41.142857 0.000000
25.529188 41.142857 0.000000
26.986236 41.142857 0.000000
28.443284 41.142857 0.000000
29.900332 41.142857 0.000000
31.357380 41.142857 0.000000
32.814428 41.142857 0.000000
34.271476 41.142857 0.000000
35.728524 41.142857 0.000000
37.185572 41.142857 0.000000
38.642620 41.142857 0.000000
40.099668 41.142857 0.000000
41.556716 41.142857 0.000000
43.013764 41.142857 0.000000
44.470812 41.142857 0.000000
45.927860 41.142857 0.000000
47.384907 41.142857 0.000000
48.841955 41.142857 0.000000
50.299003 41.142857 0.000000
51.756051 41.142857 0.000000
53.213099 41.142857 0.000000
54.670147 41.142857 0.000000
56.127195 41.142857 0.000000
57.584243 41.142857 0.000000
59.041291 41.142857 0.000000
60.498339 41.142857 0.000000
62.873754 41.142857 0.000000
65.249169 41.142857 0.000000
67.624585 41.142857 0.000000
2.500000 36.500000 0.000000
5.000000 36.500000 0.000000
7.500000 36.500000 0.000000
2.500000 35.000000 0.000000
5.000000 35.000000 0.000000
7.500000 35.000000 0.000000
2.500000 33.500000 0.000000
5.000000 33.500000 0.000000
7.500000 33.500000 0.000000
62.500000 36.500000 0.000000
65.000000 36.500000 0.000000
67.500000 36.500000 0.000000
62.500000 35.000000 0.000000
65.000000 35.000000 0.000000
67.500000 35.000000 0.000000
62.500000 33.500000 0.000000
65.000000 33.500000 0.000000
67.500000 33.500000 0.000000
11.488095 36.500000 0.000000
12.976190 36.500000 0.000000
14.464286 36.500000 0.000000
15.880542 36.500000 0.000000
17.296798 36.500000 0.000000
18.713054 36.500000 0.000000
20.129310 36.500000 0.000000
21.545567 36.500000 0.000000
22.961823 36.500000 0.000000
24.378079 36.500000 0.000000
25.794335 36.500000 0.000000
27.210591 36.500000 0.000000
28.626847 36.500000 0.000000
30.043103 36.500000 0.000000
31.459360 36.500000 0.000000
32.875616 36.500000 0.000000
34.291872 36.500000 0.000000
35.708128 36.500000 0.000000
37.124384 36.500000 0.000000
38.540640 36.500000 0.000000
39.956897 36.500000 0.000000
41.373153 36.500000 0.000000
42.789409 36.500000 0.000000
44.205665 36.500000 0.000000
45.621921 36.500000 0.000000
47.038177 36.500000 0.000000
48.454433 36.500000 0.000000
49.870690 36.500000 0.000000
51.286946 36.500000 0.000000
52.703202 36.500000 0.000000
54.119458 36.500000 0.000000
55.535714 36.500000 0.000000
57.023810 36.500000 0.000000
58.511905 36.500000 0.000000
11.547619 35.000000 0.000000
13.095238 35.000000 0.000000
14.642857 35.000000 0.000000
16.046798 35.000000 0.000000
17.450739 35.000000 0.000000
18.854680 35.000000 0.000000
20.258621 35.000000 0.000000
21.662562 35.000000 0.000000
23.066502 35.000000 0.000000
24.470443 35.000000 0.000000
25.874384 35.000000 0.000000
27.278325 35.000000 0.000000
28.682266 35.000000 0.000000
30.086207 35.000000 0.000000
31.490148 35.000000 0.000000
32.894089 35.000000 0.000000
34.298030 35.000000 0.000000
35.701970 35.000000 0.000000
37.105911 35.000000 0.000000
38.509852 35.000000 0.000000
39.913793 35.000000 0.000000
41.317734 35.000000 0.000000
42.721675 35.000000 0.000000
44.125616 35.000000 0.000000
45.529557 35.000000 0.000000
46.933498 35.000000 0.000000
48.337438 35.000000 0.000000
49.741379 35.000000 0.000000
51.145320 35.000000 0.000000
52.549261 35.000000 0.000000
53.953202 35.000000 0.000000
55.357143 35.000000 0.000000
56.904762 35.000000 0.000000
58.452381 35.000000 0.000000
11.607143 33.500000 0.000000
13.214286 33.500000 0.000000
14.821429 33.500000 0.000000
16.213054 33.500000 0.000000
17.604680 33.500000 0.000000
18.996305 33.500000 0.000000
20.387931 33.500000 0.000000
21.779557 33.500000 0.000000
23.171182 33.500000 0.000000
24.562808 33.500000 0.000000
25.954433 33.500000 0.000000
27.346059 33.500000 0.000000
28.737685 33.500000 0.000000
30.129310 33.500000 0.000000
31.520936 33.500000 0.000000
32.912562 33.500000 0.000000
34.304187 33.500000 0.000000
35.695813 33.500000 0.000000
37.087438 33.500000 0.000000
38.479064 33.500000 0.000000
39.870690 33.500000 0.000000
41.262315 33.500000 0.000000
42.653941 33.500000 0.000000
44.045567 33.500000 0.000000
45.437192 33.500000 0.000000
46.828818 33.500000 0.000000
48.220443 33.500000 0.000000
49.612069 33.500000 0.000000
51.003695 33.500000 0.000000
52.395320 33.500000 0.000000
53.786946 33.500000 0.000000
55.178571 33.500000 0.000000
56.785714 33.500000 0.000000
58.392857 33.500000 0.000000
16.379310 31.000000 0.000000
17.758621 31.000000 0.000000
19.137931 31.000000 0.000000
20.517241 31.000000 0.000000
21.896552 31.000000 0.000000
23.275862 31.000000 0.000000
24.655172 31.000000 0.000000
26.034483 31.000000 0.000000
27.413793 31.000000 0.000000
28.793103 31.000000 0.000000
30.172414 31.000000 0.000000
31.551724 31.000000 0.000000
32.931034 31.000000 0.000000
34.310345 31.000000 0.000000
35.689655 31.000000 0.000000
37.068966 31.000000 0.000000
38.448276 31.000000 0.000000
39.827586 31.000000 0.000000
41.206897 31.000000 0.000000
42.586207 31.000000 0.000000
43.965517 31.000000 0.000000
45.344828 31.000000 0.000000
46.724138 31.000000 0.000000
48.103448 31.000000 0.000000
49.482759 31.000000 0.000000
50.862069 31.000000 0.000000
52.241379 31.000000 0.000000
53.620690 31.000000 0.000000
16.379310 30.000000 0.000000
17.758621 30.000000 0.000000
19.137931 30.000000 0.000000
20.517241 30.000000 0.000000
21.896552 30.000000 0.000000
23.275862 30.000000 0.000000
24.655172 30.000000 0.000000
26.034483 30.000000 0.000000
27.413793 30.000000 0.000000
28.793103 30.000000 0.000000
30.172414 30.000000 0.000000
31.551724 30.000000 0.000000
32.931034 30.000000 0.000000
34.310345 30.000000 0.000000
35.689655 30.000000 0.000000
37.068966 30.000000 0.000000
38.448276 30.000000 0.000000
39.827586 30.000000 0.000000
41.206897 30.000000 0.000000
42.586207 30.000000 0.000000
43.965517 30.000000 0.000000
45.344828 30.000000 0.000000
46.724138 30.000000 0.000000
48.103448 30.000000 0.000000
49.482759 30.000000 0.000000
50.862069 30.000000 0.000000
52.241379 30.000000 0.000000
53.620690 30.000000 0.000000
16.379310 29.000000 0.000000
17.758621 29.000000 0.000000
19.137931 29.000000 0.000000
20.517241 29.000000 0.000000
21.896552 29.000000 0.000000
23.275862 29.000000 0.000000
24.655172 29.000000 0.000000
26.034483 29.000000 0.000000
27.413793 29.000000 0.000000
28.793103 29.000000 0.000000
30.172414 29.000000 0.000000
31.551724 29.000000 0.000000
32.931034 29.000000 0.000000
34.310345 29.000000 0.000000
35.689655 29.000000 0.000000
37.068966 29.000000 0.000000
38.448276 29.000000 0.000000
39.827586 29.000000 0.000000
41.206897 29.000000 0.000000
42.586207 29.000000 0.000000
43.965517 29.000000 0.000000
45.344828 29.000000 0.000000
46.724138 29.000000 0.000000
48.103448 29.000000 0.000000
49.482759 29.000000 0.000000
50.862069 29.000000 0.000000
52.241379 29.000000 0.000000
53.620690 29.000000 0.000000
11.607143 26.500000 0.000000
13.214286 26.500000 0.000000
14.821429 26.500000 0.000000
16.213054 26.500000 0.000000
17.604680 26.500000 0.000000
18.996305 26.500000 0.000000
20.387931 26.500000 0.000000
21.779557 26.500000 0.000000
23.171182 26.500000 0.000000
24.562808 26.500000 0.000000
25.954433 26.500000 0.000000
27.346059 26.500000 0.000000
28.737685 26.500000 0.000000
30.129310 26.500000 0.000000
31.520936 26.500000 0.000000
32.912562 26.500000 0.000000
34.304187 26.500000 0.000000
35.695813 26.500000 0.000000
37.087438 26.500000 0.000000
38.479064 26.500000 0.000000
39.870690 26.500000 0.000000
41.262315 26.500000 0.000000
42.653941 26.500000 0.000000
44.045567 26.500000 0.000000
45.437192 26.500000 0.000000
46.828818 26.500000 0.000000
48.220443 26.500000 0.000000
49.612069 26.500000 0.000000
51.003695 26.500000 0.000000
52.395320 26.500000 0.000000
53.786946 26.500000 0.000000
55.178571 26.500000 0.000000
56.785714 26.500000 0.000000
58.392857 26.500000 0.000000
11.547619 25.000000 0.000000
13.095238 25.000000 0.000000
14.642857 25.000000 0.000000
16.046798 25.000000 0.000000
17.450739 25.000000 0.000000
18.854680 25.000000 0.000000
20.258621 25.000000 0.000000
21.662562 25.000000 0.000000
23.066502 25.000000 0.000000
24.470443 25.000000 0.000000
25.874384 25.000000 0.000000
27.278325 25.000000 0.000000
28.682266 25.000000 0.000000
30.086207 25.000000 0.000000
31.490148 25.000000 0.000000
32.894089 25.000000 0.000000
34.298030 25.000000 0.000000
35.701970 25.000000 0.000000
37.105911 25.000000 0.000000
38.509852 25.000000 0.000000
39.913793 25.000000 0.000000
41.317734 25.000000 0.000000
42.721675 25.000000 0.000000
44.125616 25.000000 0.000000
45.529557 25.000000 0.000000
46.933498 25.000000 0.000000
48.337438 25.000000 0.000000
49.741379 25.000000 0.000000
51.145320 25.000000 0.000000
52.549261 25.000000 0.000000
53.953202 25.000000 0.000000
55.357143 25.000000 0.000000
56.904762 25.000000 0.000000
58.452381 25.000000 0.000000
11.488095 23.500000 0.000000
12.976190 23.500000 0.000000
14.464286 23.500000 0.000000
15.880542 23.500000 0.000000
17.296798 23.500000 0.000000
18.713054 23.500000 0.000000
20.129310 23.500000 0.000000
21.545567 23.500000 0.000000
22.961823 23.500000 0.000000
24.378079 23.500000 0.000000
25.794335 23.500000 0.000000
27.210591 23.500000 0.000000
28.626847 23.500000 0.000000
30.043103 23.500000 0.000000
31.459360 23.500000 0.000000
32.875616 23.500000 0.000000
34.291872 23.500000 0.000000
35.708128 23.500000 0.000000
37.124384 23.500000 0.000000
38.540640 23.500000 0.000000
39.956897 23.500000 0.000000
41.373153 23.500000 0.000000
42.789409 23.500000 0.000000
44.205665 23.500000 0.000000
45.621921 23.500000 0.000000
47.038177 23.500000 0.000000
48.454433 23.500000 0.000000
49.870690 23.500000 0.000000
51.286946 23.500000 0.000000
52.703202 23.500000 0.000000
54.119458 23.500000 0.000000
55.535714 23.500000 0.000000
57.023810 23.500000 0.000000
58.511905 23.500000 0.000000
2.500000 26.500000 0.000000
5.000000 26.500000 0.000000
7.500000 26.500000 0.000000
2.500000 25.000000 0.000000
5.000000 25.000000 0.000000
7.500000 25.000000 0.000000
2.500000 23.500000 0.000000
5.000000 23.500000 0.000000
7.500000 23.500000 0.000000
62.500000 26.500000 0.000000
65.000000 26.500000 0.000000
67.500000 26.500000 0.000000
62.500000 25.000000 0.000000
65.000000 25.000000 0.000000
67.500000 25.000000 0.000000
62.500000 23.500000 0.000000
65.000000 23.500000 0.000000
67.500000 23.500000 0.000000
2.375415 18.857143 0.000000
4.750831 18.857143 0.000000
7.126246 18.857143 0.000000
9.501661 18.857143 0.000000
10.958709 18.857143 0.000000
12.415757 18.857143 0.000000
13.872805 18.857143 0.000000
15.329853 18.857143 0.000000
16.786901 18.857143 0.000000
18.243949 18.857143 0.000000
19.700997 18.857143 0.000000
21.158045 18.857143 0.000000
22.615093 18.857143 0.000000
24.072140 18.857143 0.000000
25.529188 18.857143 0.000000
26.986236 18.857143 0.000000
28.443284 18.857143 0.000000
29.900332 18.857143 0.000000
31.357380 18.857143 0.000000
32.814428 18.857143 0.000000
34.271476 18.857143 0.000000
35.728524 18.857143 0.000000
37.185572 18.857143 0.000000
38.642620 18.857143 0.000000
40.099668 18.857143 0.000000
41.556716 18.857143 0.000000
43.013764 18.857143 0.000000
44.470812 18.857143 0.000000
45.927860 18.857143 0.000000
47.384907 18.857143 0.000000
48.841955 18.857143 0.000000
50.299003 18.857143 0.000000
51.756051 18.857143 0.000000
53.213099 18.857143 0.000000
54.670147 18.857143 0.000000
56.127195 18.857143 0.000000
57.584243 18.857143 0.000000
59.041291 18.857143 0.000000
60.498339 18.857143 0.000000
62.873754 18.857143 0.000000
65.249169 18.857143 0.000000
67.624585 18.857143 0.000000
2.250831 15.714286 0.000000
4.501661 15.714286 0.000000
6.752492 15.714286 0.000000
9.003322 15.714286 0.000000
10.488847 15.714286 0.000000
11.974371 15.714286 0.000000
13.459896 15.714286 0.000000
14.945420 15.714286 0.000000
16.430944 15.714286 0.000000
17.916469 15.714286 0.000000
19.401993 15.714286 0.000000
20.887518 15.714286 0.000000
22.373042 15.714286 0.000000
23.858567 15.714286 0.000000
25.344091 15.714286 0.000000
26.829616 15.714286 0.000000
28.315140 15.714286 0.000000
29.800664 15.714286 0.000000
31.286189 15.714286 0.000000
32.771713 15.714286 0.000000
34.257238 15.714286 0.000000
35.742762 15.714286 0.000000
37.228287 15.714286 0.000000
38.713811 15.714286 0.000000
40.199336 15.714286 0.000000
41.684860 15.714286 0.000000
43.170384 15.714286 0.000000
44.655909 15.714286 0.000000
46.141433 15.714286 0.000000
47.626958 15.714286 0.000000
49.112482 15.714286 0.000000
50.598007 15.714286 0.000000
52.083531 15.714286 0.000000
53.569056 15.714286 0.000000
55.054580 15.714286 0.000000
56.540104 15.714286 0.000000
58.025629 15.714286 0.000000
59.511153 15.714286 0.000000
60.996678 15.714286 0.000000
63.247508 15.714286 0.000000
65.498339 15.714286 0.000000
67.749169 15.714286 0.000000
2.126246 12.571429 0.000000
4.252492 12.571429 0.000000
6.378738 12.571429 0.000000
8.504983 12.571429 0.000000
10.018984 12.571429 0.000000
11.532985 12.571429 0.000000
13.046986 12.571429 0.000000
14.560987 12.571429 0.000000
16.074988 12.571429 0.000000
17.588989 12.571429 0.000000
19.102990 12.571429 0.000000
20.616991 12.571429 0.000000
22.130992 12.571429 0.000000
23.644993 12.571429 0.000000
25.158994 12.571429 0.000000
26.672995 12.571429 0.000000
28.186996 12.571429 0.000000
29.700997 12.571429 0.000000
31.214998 12.571429 0.000000
32.728999 12.571429 0.000000
34.243000 12.571429 0.000000
35.757000 12.571429 0.000000
37.271001 12.571429 0.000000
38.785002 12.571429 0.000000
40.299003 12.571429 0.000000
41.813004 12.571429 0.000000
43.327005 12.571429 0.000000
44.841006 12.571429 0.000000
46.355007 12.571429 0.000000
47.869008 12.571429 0.000000
49.383009 12.571429 0.000000
50.897010 12.571429 0.000000
52.411011 12.571429 0.000000
53.925012 12.571429 0.000000
55.439013 12.571429 0.000000
56.953014 12.571429 0.000000
58.467015 12.571429 0.000000
59.981016 12.571429 0.000000
61.495017 12.571429 0.000000
63.621262 12.571429 0.000000
65.747508 12.571429 0.000000
67.873754 12.571429 0.000000
2.001661 9.428571 0.000000
4.003322 9.428571 0.000000
6.004983 9.428571 0.000000
8.006645 9.428571 0.000000
9.549122 9.428571 0.000000
11.091599 9.428571 0.000000
12.634077 9.428571 0.000000
14.176554 9.428571 0.000000
15.719032 9.428571 0.000000
17.261509 9.428571 0.000000
18.803987 9.428571 0.000000
20.346464 9.428571 0.000000
21.888942 9.428571 0.000000
23.431419 9.428571 0.000000
24.973897 9.428571 0.000000
26.516374 9.428571 0.000000
28.058851 9.428571 0.000000
29.601329 9.428571 0.000000
31.143806 9.428571 0.000000
32.686284 9.428571 0.000000
34.228761 9.428571 0.000000
35.771239 9.428571 0.000000
37.313716 9.428571 0.000000
38.856194 9.428571 0.000000
40.398671 9.428571 0.000000
41.941149 9.428571 0.000000
43.483626 9.428571 0.000000
45.026103 9.428571 0.000000
46.568581 9.428571 0.000000
48.111058 9.428571 0.000000
49.653536 9.428571 0.000000
51.196013 9.428571 0.000000
52.738491 9.428571 0.000000
54.280968 9.428571 0.000000
55.823446 9.428571 0.000000
57.365923 9.428571 0.000000
58.908401 9.428571 0.000000
60.450878 9.428571 0.000000
61.993355 9.428571 0.000000
63.995017 9.428571 0.000000
65.996678 9.428571 0.000000
67.998339 9.428571 0.000000
1.877076 6.285714 0.000000
3.754153 6.285714 0.000000
5.631229 6.285714 0.000000
7.508306 6.285714 0.000000
9.079260 6.285714 0.000000
10.650214 6.285714 0.000000
12.221168 6.285714 0.000000
13.792121 6.285714 0.000000
15.363075 6.285714 0.000000
16.934029 6.285714 0.000000
18.504983 6.285714 0.000000
20.075937 6.285714 0.000000
21.646891 6.285714 0.000000
23.217845 6.285714 0.000000
24.788799 6.285714 0.000000
26.359753 6.285714 0.000000
27.930707 6.285714 0.000000
29.501661 6.285714 0.000000
31.072615 6.285714 0.000000
32.643569 6.285714 0.000000
34.214523 6.285714 0.000000
35.785477 6.285714 0.000000
37.356431 6.285714 0.000000
38.927385 6.285714 0.000000
40.498339 6.285714 0.000000
42.069293 6.285714 0.000000
43.640247 6.285714 0.000000
45.211201 6.285714 0.000000
46.782155 6.285714 0.000000
48.353109 6.285714 0.000000
49.924063 6.285714 0.000000
51.495017 6.285714 0.000000
53.065971 6.285714 0.000000
54.636925 6.285714 0.000000
56.207879 6.285714 0.000000
57.778832 6.285714 0.000000
59.349786 6.285714 0.000000
60.920740 6.285714 0.000000
62.491694 6.285714 0.000000
64.368771 6.285714 0.000000
66.245847 6.285714 0.000000
68.122924 6.285714 0.000000
1.752492 3.142857 0.000000
3.504983 3.142857 0.000000
5.257475 3.142857 0.000000
7.009967 3.142857 0.000000
8.609397 3.142857 0.000000
10.208828 3.142857 0.000000
11.808258 3.142857 0.000000
13.407689 3.142857 0.000000
15.007119 3.142857 0.000000
16.606550 3.142857 0.000000
18.205980 3.142857 0.000000
19.805411 3.142857 0.000000
21.404841 3.142857 0.000000
23.004271 3.142857 0.000000
24.603702 3.142857 0.000000
26.203132 3.142857 0.000000
27.802563 3.142857 0.000000
29.401993 3.142857 0.000000
31.001424 3.142857 0.000000
32.600854 3.142857 0.000000
34.200285 3.142857 0.000000
35.799715 3.142857 0.000000
37.399146 3.142857 0.000000
38.998576 3.142857 0.000000
40.598007 3.142857 0.000000
42.197437 3.142857 0.000000
43.796868 3.142857 0.000000
45.396298 3.142857 0.000000
46.995729 3.142857 0.000000
48.595159 3.142857 0.000000
50.194589 3.142857 0.000000
51.794020 3.142857 0.000000
53.393450 3.142857 0.000000
54.992881 3.142857 0.000000
56.592311 3.142857 0.000000
58.191742 3.142857 0.000000
59.791172 3.142857 0.000000
61.390603 3.142857 0.000000
62.990033 3.142857 0.000000
64.742525 3.142857 0.000000
66.495017 3.142857 0.000000
68.247508 3.142857 0.000000
1.752492 56.857143 1.000000
3.504983 56.857143 1.000000
5.257475 56.857143 1.000000
7.009967 56.857143 1.000000
8.609397 56.857143 1.000000
10.208828 56.857143 1.000000
11.808258 56.857143 1.000000
13.407689 56.857143 1.000000
15.007119 56.857143 1.000000
16.606550 56.857143 1.000000
18.205980 56.857143 1.000000
19.805411 56.857143 1.000000
21.404841 56.857143 1.000000
23.004271 56.857143 1.000000
24.603702 56.857143 1.000000
26.203132 56.857143 1.000000
27.802563 56.857143 1.000000
29.401993 56.857143 1.000000
31.001424 56.857143 1.000000
32.600854 56.857143 1.000000
34.200285 56.857143 1.000000
35.799715 56.857143 1.000000
37.399146 56.857143 1.000000
38.998576 56.857143 1.000000
40.598007 56.857143 1.000000
42.197437 56.857143 1.000000
43.796868 56.857143 1.000000
45.396298 56.857143 1.000000
46.995729 56.857143 1.000000
48.595159 56.857143 1.000000
50.194589 56.857143 1.000000
51.794020 56.857143 1.000000
53.393450 56.857143 1.000000
54.992881 56.857143 1.000000
56.592311 56.857143 1.000000
58.191742 56.857143 1.000000
59.791172 56.857143 1.000000
61.390603 56.857143 1.000000
62.990033 56.857143 1.000000
64.742525 56.857143 1.000000
66.495017 56.857143 1.000000
68.247508 56.857143 1.000000
1.877076 53.714286 1.000000
3.754153 53.714286 1.000000
5.631229 53.714286 1.000000
7.508306 53.714286 1.000000
9.079260 53.714286 1.000000
10.650214 53.714286 1.000000
12.221168 53.714286 1.000000
13.792121 53.714286 1.000000
15.363075 53.714286 1.000000
16.934029 53.714286 1.000000
18.504983 53.714286 1.000000
20.075937 53.714286 1.000000
21.646891 53.714286 1.000000
23.217845 53.714286 1.000000
24.788799 53.714286 1.000000
26.359753 53.714286 1.000000
27.930707 53.714286 1.000000
29.501661 53.714286 1.000000
31.072615 53.714286 1.000000
32.643569 53.714286 1.000000
34.214523 53.714286 1.000000
35.785477 53.714286 1.000000
37.356431 53.714286 1.000000
38.927385 53.714286 1.000000
40.498339 53.714286 1.000000
42.069293 53.714286 1.000000
43.640247 53.714286 1.000000
45.211201 53.714286 1.000000
46.782155 53.714286 1.000000
48.353109 53.714286 1.000000
49.924063 53.714286 1.000000
51.495017 53.714286 1.000000
53.065971 53.714286 1.000000
54.636925 53.714286 1.000000
56.207879 53.714286 1.000000
57.778832 53.714286 1.000000
59.349786 53.714286 1.000000
60.920740 53.714286 1.000000
62.491694 53.714286 1.000000
64.368771 53.714286 1.000000
66.245847 53.714286 1.000000
68.122924 53.714286 1.000000
2.001661 50.571429 1.000000
4.003322 50.571429 1.000000
6.004983 50.571429 1.000000
8.006645 50.571429 1.000000
9.549122 50.571429 1.000000
11.091599 50.571429 1.000000
12.634077 50.571429 1.000000
14.176554 50.571429 1.000000
15.719032 50.571429 1.000000
17.261509 50.571429 1.000000
18.803987 50.571429 1.000000
20.346464 50.571429 1.000000
21.888942 50.571429 1.000000
23.431419 50.571429 1.000000
24.973897 50.571429 1.000000
26.516374 50.571429 1.000000
28.058851 50.571429 1.000000
29.601329 50.571429 1.000000
31.143806 50.571429 1.000000
32.686284 50.571429 1.000000
34.228761 50.571429 1.000000
35.771239 50.571429 1.000000
37.313716 50.571429 1.000000
38.856194 50.571429 1.000000
40.398671 50.571429 1.000000
41.941149 50.571429 1.000000
43.483626 50.571429 1.000000
45.026103 50.571429 1.000000
46.568581 50.571429 1.000000
48.111058 50.571429 1.000000
49.653536 50.571429 1.000000
51.196013 50.571429 1.000000
52.738491 50.571429 1.000000
54.280968 50.571429 1.000000
55.823446 50.571429 1.000000
57.365923 50.571429 1.000000
58.908401 50.571429 1.000000
60.450878 50.571429 1.000000
61.993355 50.571429 1.000000
63.995017 50.571429 1.000000
65.996678 50.571429 1.000000
67.998339 50.571429 1.000000
2.126246 47.428571 1.000000
4.252492 47.428571 1.000000
6.378738 47.428571 1.000000
8.504983 47.428571 1.000000
10.018984 47.428571 1.000000
11.532985 47.428571 1.000000
13.046986 47.428571 1.000000
14.560987 47.428571 1.000000
16.074988 47.428571 1.000000
17.588989 47.428571 1.000000
19.102990 47.428571 1.000000
20.616991 47.428571 1.000000
22.130992 47.428571 1.000000
23.644993 47.428571 1.000000
25.158994 47.428571 1.000000
26.672995 47.428571 1.000000
28.186996 47.428571 1.000000
29.700997 47.428571 1.000000
31.214998 47.428571 1.000000
32.728999 47.428571 1.000000
34.243000 47.428571 1.000000
35.757000 47.428571 1.000000
37.271001 47.428571 1.000000
38.785002 47.428571 1.000000
40.299003 47.428571 1.000000
41.813004 47.428571 1.000000
43.327005 47.428571 1.000000
44.841006 47.428571 1.000000
46.355007 47.428571 1.000000
47.869008 47.428571 1.000000
49.383009 47.428571 1.000000
50.897010 47.428571 1.000000
52.411011 47.428571 1.000000
53.925012 47.428571 1.000000
55.439013 47.428571 1.000000
56.953014 47.428571 1.000000
58.467015 47.428571 1.000000
59.981016 47.428571 1.000000
61.495017 47.428571 1.000000
63.621262 47.428571 1.000000
65.747508 47.428571 1.000000
67.873754 47.428571 1.000000
2.250831 44.285714 1.000000
4.501661 44.285714 1.000000
6.752492 44.285714 1.000000
9.003322 44.285714 1.000000
10.488847 44.285714 1.000000
11.974371 44.285714 1.000000
13.459896 44.285714 1.000000
14.945420 44.285714 1.000000
16.430944 44.285714 1.000000
17.916469 44.285714 1.000000
19.401993 44.285714 1.000000
20.887518 44.285714 1.000000
22.373042 44.285714 1.000000
23.858567 44.285714 1.000000
25.344091 44.285714 1.000000
26.829616 44.285714 1.000000
28.315140 44.285714 1.000000
29.800664 44.285714 1.000000
31.286189 44.285714 1.000000
32.771713 44.285714 1.000000
34.257238 44.285714 1.000000
35.742762 44.285714 1.000000
37.228287 44.285714 1.000000
38.713811 44.285714 1.000000
40.199336 44.285714 1.000000
41.684860 44.285714 1.000000
43.170384 44.285714 1.000000
44.655909 44.285714 1.000000
46.141433 44.285714 1.000000
47.626958 44.285714 1.000000
49.112482 44.285714 1.000000
50.598007 44.285714 1.000000
52.083531 44.285714 1.000000
53.569056 44.285714 1.000000
55.054580 44.285714 1.000000
56.540104 44.285714 1.000000
58.025629 44.285714 1.000000
59.511153 44.285714 1.000000
60.996678 44.285714 1.000000
63.247508 44.285714 1.000000
65.498339 44.285714 1.000000
67.749169 44.285714 1.000000
2.375415 41.142857 1.000000
4.750831 41.142857 1.000000
7.126246 41.142857 1.000000
9.501661 41.142857 1.000000
10.958709 41.142857 1.000000
12.415757 41.142857 1.000000
13.872805 41.142857 1.000000
15.329853 41.142857 1.000000
16.786901 41.142857 1.000000
18.243949 41.142857 1.000000
19.700997 41.142857 1.000000
21.158045 41.142857 1.000000
22.615093 41.142857 1.000000
24.072140 41.142857 1.000000
25.529188 41.142857 1.000000
26.986236 41.142857 1.000000
28.443284 41.142857 1.000000
29.900332 41.142857 1.000000
31.357380 41.142857 1.000000
32.814428 41.142857 1.000000
34.271476 41.142857 1.000000
35.728524 41.142857 1.000000
37.185572 41.142857 1.000000
38.642620 41.142857 1.000000
40.099668 41.142857 1.000000
41.556716 41.142857 1.000000
43.013764 41.142857 1.000000
44.470812 41.142857 1.000000
45.927860 41.142857 1.000000
47.384907 41.142857 1.000000
48.841955 41.142857 1.000000
50.299003 41.142857 1.000000
51.756051 41.142857 1.000000
53.213099 41.142857 1.000000
54.670147 41.142857 1.000000
56.127195 41.142857 1.000000
57.584243 41.142857 1.000000
59.041291 41.142857 1.000000
60.498339 41.142857 1.000000
62.873754 41.142857 1.000000
65.249169 41.142857 1.000000
67.624585 41.142857 1.000000
2.500000 36.500000 1.000000
5.000000 36.500000 1.000000
7.500000 36.500000 1.000000
2.500000 35.000000 1.000000
5.000000 35.000000 1.000000
7.500000 35.000000 1.000000
2.500000 33.500000 1.000000
5.000000 33.500000 1.000000
7.500000 33.500000 1.000000
11.488095 36.500000 1.000000
12.976190 36.500000 1.000000
14.464286 36.500000 1.000000
15.880542 36.500000 1.000000
17.296798 36.500000 1.000000
18.713054 36.500000 1.000000
20.129310 36.500000 1.000000
21.545567 36.500000 1.000000
22.961823 36.500000 1.000000
24.378079 36.500000 1.000000
25.794335 36.500000 1.000000
27.210591 36.500000 1.000000
28.626847 36.500000 1.000000
30.043103 36.500000 1.000000
31.459360 36.500000 1.000000
32.875616 36.500000 1.000000
34.291872 36.500000 1.000000
35.708128 36.500000 1.000000
37.124384 36.500000 1.000000
38.540640 36.500000 1.000000
39.956897 36.500000 1.000000
41.373153 36.500000 1.000000
42.789409 36.500000 1.000000
44.205665 36.500000 1.000000
45.621921 36.500000 1.000000
47.038177 36.500000 1.000000
48.454433 36.500000 1.000000
49.870690 36.500000 1.000000
51.286946 36.500000 1.000000
52.703202 36.500000 1.000000
54.119458 36.500000 1.000000
55.535714 36.500000 1.000000
57.023810 36.500000 1.000000
58.511905 36.500000 1.000000
11.547619 35.000000 1.000000
13.095238 35.000000 1.000000
14.642857 35.000000 1.000000
16.046798 35.000000 1.000000
17.450739 35.000000 1.000000
18.854680 35.000000 1.000000
20.258621 35.000000 1.000000
21.662562 35.000000 1.000000
23.066502 35.000000 1.000000
24.470443 35.000000 1.000000
25.874384 35.000000 1.000000
27.278325 35.000000 1.000000
28.682266 35.000000 1.000000
30.086207 35.000000 1.000000
31.490148 35.000000 1.000000
32.894089 35.000000 1.000000
34.298030 35.000000 1.000000
35.701970 35.000000 1.000000
37.105911 35.000000 1.000000
38.509852 35.000000 1.000000
39.913793 35.000000 1.000000
41.317734 35.000000 1.000000
42.721675 35.000000 1.000000
44.125616 35.000000 1.000000
45.529557 35.000000 1.000000
46.933498 35.000000 1.000000
48.337438 35.000000 1.000000
49.741379 35.000000 1.000000
51.145320 35.000000 1.000000
52.549261 35.000000 1.000000
53.953202 35.000000 1.000000
55.357143 35.000000 1.000000
56.904762 35.000000 1.000000
58.452381 35.000000 1.000000
11.607143 33.500000 1.000000
13.214286 33.500000 1.000000
14.821429 33.500000 1.000000
16.213054 33.500000 1.000000
17.604680 33.500000 1.000000
18.996305 33.500000 1.000000
20.387931 33.500000 1.000000
21.779557 33.500000 1.000000
23.171182 33.500000 1.000000
24.562808 33.500000 1.000000
25.954433 33.500000 1.000000
27.346059 33.500000 1.000000
28.737685 33.500000 1.000000
30.129310 33.500000 1.000000
31.520936 33.500000 1.000000
32.912562 33.500000 1.000000
34.304187 33.500000 1.000000
35.695813 33.500000 1.000000
37.087438 33.500000 1.000000
38.479064 33.500000 1.000000
39.870690 33.500000 1.000000
41.262315 33.500000 1.000000
42.653941 33.500000 1.000000
44.045567 33.500000 1.000000
45.437192 33.500000 1.000000
46.828818 33.500000 1.000000
48.220443 33.500000 1.000000
49.612069 33.500000 1.000000
51.003695 33.500000 1.000000
52.395320 33.500000 1.000000
53.786946 33.500000 1.000000
55.178571 33.500000 1.000000
56.785714 33.500000 1.000000
58.392857 33.500000 1.000000
62.500000 36.500000 1.000000
65.000000 36.500000 1.000000
67.500000 36.500000 1.000000
62.500000 35.000000 1.000000
65.000000 35.000000 1.000000
67.500000 35.000000 1.000000
62.500000 33.500000 1.000000
65.000000 33.500000 1.000000
67.500000 33.500000 1.000000
16.379310 31.000000 1.000000
17.758621 31.000000 1.000000
19.137931 31.000000 1.000000
20.517241 31.000000 1.000000
21.896552 31.000000 1.000000
23.275862 31.000000 1.000000
24.655172 31.000000 1.000000
26.034483 31.000000 1.000000
27.413793 31.000000 1.000000
28.793103 31.000000 1.000000
30.172414 31.000000 1.000000
31.551724 31.000000 1.000000
32.931034 31.000000 1.000000
34.310345 31.000000 1.000000
35.689655 31.000000 1.000000
37.068966 31.000000 1.000000
38.448276 31.000000 1.000000
39.827586 31.000000 1.000000
41.206897 31.000000 1.000000
42.586207 31.000000 1.000000
43.965517 31.000000 1.000000
45.344828 31.000000 1.000000
46.724138 31.000000 1.000000
48.103448 31.000000 1.000000
49.482759 31.000000 1.000000
50.862069 31.000000 1.000000
52.241379 31.000000 1.000000
53.620690 31.000000 1.000000
16.379310 30.000000 1.000000
17.758621 30.000000 1.000000
19.137931 30.000000 1.000000
20.517241 30.000000 1.000000
21.896552 30.000000 1.000000
23.275862 30.000000 1.000000
24.655172 30.000000 1.000000
26.034483 30.000000 1.000000
27.413793 30.000000 1.000000
28.793103 30.000000 1.000000
30.172414 30.000000 1.000000
31.551724 30.000000 1.000000
32.931034 30.000000 1.000000
34.310345 30.000000 1.000000
35.689655 30.000000 1.000000
37.068966 30.000000 1.000000
38.448276 30.000000 1.000000
39.827586 30.000000 1.000000
41.206897 30.000000 1.000000
42.586207 30.000000 1.000000
43.965517 30.000000 1.000000
45.344828 30.000000 1.000000
46.724138 30.000000 1.000000
48.103448 30.000000 1.000000
49.482759 30.000000 1.000000
50.862069 30.000000 1.000000
52.241379 30.000000 1.000000
53.620690 30.000000 1.000000
16.379310 29.000000 1.000000
17.758621 29.000000 1.000000
19.137931 29.000000 1.000000
20.517241 29.000000 1.000000
21.896552 29.000000 1.000000
23.275862 29.000000 1.000000
24.655172 29.000000 1.000000
26.034483 29.000000 1.000000
27.413793 29.000000 1.000000
28.793103 29.000000 1.000000
30.172414 29.000000 1.000000
31.551724 29.000000 1.000000
32.931034 29.000000 1.000000
34.310345 29.000000 1.000000
35.689655 29.000000 1.000000
37.068966 29.000000 1.000000
38.448276 29.000000 1.000000
39.827586 29.000000 1.000000
41.206897 29.000000 1.000000
42.586207 29.000000 1.000000
43.965517 29.000000 1.000000
45.344828 29.000000 1.000000
46.724138 29.000000 1.000000
48.103448 29.000000 1.000000
49.482759 29.000000 1.000000
50.862069 29.000000 1.000000
52.241379 29.000000 1.000000
53.620690 29.000000 1.000000
2.500000 26.500000 1.000000
5.000000 26.500000 1.000000
7.500000 26.500000 1.000000
2.500000 25.000000 1.000000
5.000000 25.000000 1.000000
7.500000 25.000000 1.000000
2.500000 23.500000 1.000000
5.000000 23.500000 1.000000
7.500000 23.500000 1.000000
11.607143 26.500000 1.000000
13.214286 26.500000 1.000000
14.821429 26.500000 1.000000
16.213054 26.500000 1.000000
17.604680 26.500000 1.000000
18.996305 26.500000 1.000000
20.387931 26.500000 1.000000
21.779557 26.500000 1.000000
23.171182 26.500000 1.000000
24.562808 26.500000 1.000000
25.954433 26.500000 1.000000
27.346059 26.500000 1.000000
28.737685 26.500000 1.000000
30.129310 26.500000 1.000000
31.520936 26.500000 1.000000
32.912562 26.500000 1.000000
34.304187 26.500000 1.000000
35.695813 26.500000 1.000000
37.087438 26.500000 1.000000
38.479064 26.500000 1.000000
39.870690 26.500000 1.000000
41.262315 26.500000 1.000000
42.653941 26.500000 1.000000
44.045567 26.500000 1.000000
45.437192 26.500000 1.000000
46.828818 26.500000 1.000000
48.220443 26.500000 1.000000
49.612069 26.500000 1.000000
51.003695 26.500000 1.000000
52.395320 26.500000 1.000000
53.786946 26.500000 1.000000
55.178571 26.500000 1.000000
56.785714 26.500000 1.000000
58.392857 26.500000 1.000000
11.547619 25.000000 1.000000
13.095238 25.000000 1.000000
14.642857 25.000000 1.000000
16.046798 25.000000 1.000000
17.450739 25.000000 1.000000
18.854680 25.000000 1.000000
20.258621 25.000000 1.000000
21.662562 25.000000 1.000000
23.066502 25.000000 1.000000
24.470443 25.000000 1.000000
25.874384 25.000000 1.000000
27.278325 25.000000 1.000000
28.682266 25.000000 1.000000
30.086207 25.000000 1.000000
31.490148 25.000000 1.000000
32.894089 25.000000 1.000000
34.298030 25.000000 1.000000
35.701970 25.000000 1.000000
37.105911 25.000000 1.000000
38.509852 25.000000 1.000000
39.913793 25.000000 1.000000
41.317734 25.000000 1.000000
42.721675 25.000000 1.000000
44.125616 25.000000 1.000000
45.529557 25.000000 1.000000
46.933498 25.000000 1.000000
48.337438 25.000000 1.000000
49.741379 25.000000 1.000000
51.145320 25.000000 1.000000
52.549261 25.000000 1.000000
53.953202 25.000000 1.000000
55.357143 25.000000 1.000000
56.904762 25.000000 1.000000
58.452381 25.000000 1.000000
11.488095 23.500000 1.000000
12.976190 23.500000 1.000000
14.464286 23.500000 1.000000
15.880542 23.500000 1.000000
17.296798 23.500000 1.000000
18.713054 23.500000 1.000000
20.129310 23.500000 1.000000
21.545567 23.500000 1.000000
22.961823 23.500000 1.000000
24.378079 23.500000 1.000000
25.794335 23.500000 1.000000
27.210591 23.500000 1.000000
28.626847 23.500000 1.000000
30.043103 23.500000 1.000000
31.459360 23.500000 1.000000
32.875616 23.500000 1.000000
34.291872 23.500000 1.000000
35.708128 23.500000 1.000000
37.124384 23.500000 1.000000
38.540640 23.500000 1.000000
39.956897 23.500000 1.000000
41.373153 23.500000 1.000000
42.789409 23.500000 1.000000
44.205665 23.500000 1.000000
45.621921 23.500000 1.000000
47.038177 23.500000 1.000000
48.454433 23.500000 1.000000
49.870690 23.500000 1.000000
51.286946 23.500000 1.000000
52.703202 23.500000 1.000000
54.119458 23.500000 1.000000
55.535714 23.500000 1.000000
57.023810 23.500000 1.000000
58.511905 23.500000 1.000000
62.500000 26.500000 1.000000
65.000000 26.500000 1.000000
67.500000 26.500000 1.000000
62.500000 25.000000 1.000000
65.000000 25.000000 1.000000
67.500000 25.000000 1.000000
62.500000 23.500000 1.000000
65.000000 23.500000 1.000000
67.500000 23.500000 1.000000
2.375415 18.857143 1.000000
4.750831 18.857143 1.000000
7.126246 18.857143 1.000000
9.501661 18.857143 1.000000
10.958709 18.857143 1.000000
12.415757 18.857143 1.000000
13.872805 18.857143 1.000000
15.329853 18.857143 1.000000
16.786901 18.857143 1.000000
18.243949 18.857143 1.000000
19.700997 18.857143 1.000000
21.158045 18.857143 1.000000
22.615093 18.857143 1.000000
24.072140 18.857143 1.000000
25.529188 18.857143 1.000000
26.986236 18.857143 1.000000
28.443284 18.857143 1.000000
29.900332 18.857143 1.000000
31.357380 18.857143 1.000000
32.814428 18.857143 1.000000
34.271476 18.857143 1.000000
35.728524 18.857143 1.000000
37.185572 18.857143 1.000000
38.642620 18.857143 1.000000
40.099668 18.857143 1.000000
41.556716 18.857143 1.000000
43.013764 18.857143 1.000000
44.470812 18.857143 1.000000
45.927860 18.857143 1.000000
47.384907 18.857143 1.000000
48.841955 18.857143 1.000000
50.299003 18.857143 1.000000
51.756051 18.857143 1.000000
53.213099 18.857143 1.000000
54.670147 18.857143 1.000000
56.127195 18.857143 1.000000
57.584243 18.857143 1.000000
59.041291 18.857143 1.000000
60.498339 18.857143 1.000000
62.873754 18.857143 1.000000
65.249169 18.857143 1.000000
67.624585 18.857143 1.000000
2.250831 15.714286 1.000000
4.501661 15.714286 1.000000
6.752492 15.714286 1.000000
9.003322 15.714286 1.000000
10.488847 15.714286 1.000000
11.974371 15.714286 1.000000
13.459896 15.714286 1.000000
14.945420 15.714286 1.000000
16.430944 15.714286 1.000000
17.916469 15.714286 1.000000
19.401993 15.714286 1.000000
20.887518 15.714286 1.000000
22.373042 15.714286 1.000000
23.858567 15.714286 1.000000
25.344091 15.714286 1.000000
26.829616 15.714286 1.000000
28.315140 15.714286 1.000000
29.800664 15.714286 1.000000
31.286189 15.714286 1.000000
32.771713 15.714286 1.000000
34.257238 15.714286 1.000000
35.742762 15.714286 1.000000
37.228287 15.714286 1.000000
38.713811 15.714286 1.000000
40.199336 15.714286 1.000000
41.684860 15.714286 1.000000
43.170384 15.714286 1.000000
44.655909 15.714286 1.000000
46.141433 15.714286 1.000000
47.626958 15.714286 1.000000
49.112482 15.714286 1.000000
50.598007 15.714286 1.000000
52.083531 15.714286 1.000000
53.569056 15.714286 1.000000
55.054580 15.714286 1.000000
56.540104 15.714286 1.000000
58.025629 15.714286 1.000000
59.511153 15.714286 1.000000
60.996678 15.714286 1.000000
63.247508 15.714286 1.000000
65.498339 15.714286 1.000000
67.749169 15.714286 1.000000
2.126246 12.571429 1.000000
4.252492 12.571429 1.000000
6.378738 12.571429 1.000000
8.504983 12.571429 1.000000
10.018984 12.571429 1.000000
11.532985 12.571429 1.000000
13.046986 12.571429 1.000000
14.560987 12.571429 1.000000
16.074988 12.571429 1.000000
17.588989 12.571429 1.000000
19.102990 12.571429 1.000000
20.616991 12.571429 1.000000
22.130992 12.571429 1.000000
23.644993 12.571429 1.000000
25.158994 12.571429 1.000000
26.672995 12.571429 1.000000
28.186996 12.571429 1.000000
29.700997 12.571429 1.000000
31.214998 12.571429 1.000000
32.728999 12.571429 1.000000
34.243000 12.571429 1.000000
35.757000 12.571429 1.000000
37.271001 12.571429 1.000000
38.785002 12.571429 1.000000
40.299003 12.571429 1.000000
41.813004 12.571429 1.000000
43.327005 12.571429 1.000000
44.841006 12.571429 1.000000
46.355007 12.571429 1.000000
47.869008 12.571429 1.000000
49.383009 12.571429 1.000000
50.897010 12.571429 1.000000
52.411011 12.571429 1.000000
53.925012 12.571429 1.000000
55.439013 12.571429 1.000000
56.953014 12.571429 1.000000
58.467015 12.571429 1.000000
59.981016 12.571429 1.000000
61.495017 12.571429 1.000000
63.621262 12.571429 1.000000
65.747508 12.571429 1.000000
67.873754 12.571429 1.000000
2.001661 9.428571 1.000000
4.003322 9.428571 1.000000
6.004983 9.428571 1.000000
8.006645 9.428571 1.000000
9.549122 9.428571 1.000000
11.091599 9.428571 1.000000
12.634077 9.428571 1.000000
14.176554 9.428571 1.000000
15.719032 9.428571 1.000000
17.261509 9.428571 1.000000
18.803987 9.428571 1.000000
20.346464 9.428571 1.000000
21.888942 9.428571 1.000000
23.431419 9.428571 1.000000
24.973897 9.428571 1.000000
26.516374 9.428571 1.000000
28.058851 9.428571 1.000000
29.601329 9.428571 1.000000
31.143806 9.428571 1.000000
32.686284 9.428571 1.000000
34.228761 9.428571 1.000000
35.771239 9.428571 1.000000
37.313716 9.428571 1.000000
38.856194 9.428571 1.000000
40.398671 9.428571 1.000000
41.941149 9.428571 1.000000
43.483626 9.428571 1.000000
45.026103 9.428571 1.000000
46.568581 9.428571 1.000000
48.111058 9.428571 1.000000
49.653536 9.428571 1.000000
51.196013 9.428571 1.000000
52.738491 9.428571 1.000000
54.280968 9.428571 1.000000
55.823446 9.428571 1.000000
57.365923 9.428571 1.000000
58.908401 9.428571 1.000000
60.450878 9.428571 1.000000
61.993355 9.428571 1.000000
63.995017 9.428571 1.000000
65.996678 9.428571 1.000000
67.998339 9.428571 1.000000
1.877076 6.285714 1.000000
3.754153 6.285714 1.000000
5.631229 6.285714 1.000000
7.508306 6.285714 1.000000
9.079260 6.285714 1.000000
10.650214 6.285714 1.000000
12.221168 6.285714 1.000000
13.792121 6.285714 1.000000
15.363075 6.285714 1.000000
16.934029 6.285714 1.000000
18.504983 6.285714 1.000000
20.075937 6.285714 1.000000
21.646891 6.285714 1.000000
23.217845 6.285714 1.000000
24.788799 6.285714 1.000000
26.359753 6.285714 1.000000
27.930707 6.285714 1.000000
29.501661 6.285714 1.000000
31.072615 6.285714 1.000000
32.643569 6.285714 1.000000
34.214523 6.285714 1.000000
35.785477 6.285714 1.000000
37.356431 6.285714 1.000000
38.927385 6.285714 1.000000
40.498339 6.285714 1.000000
42.069293 6.285714 1.000000
43.640247 6.285714 1.000000
45.211201 6.285714 1.000000
46.782155 6.285714 1.000000
48.353109 6.285714 1.000000
49.924063 6.285714 1.000000
51.495017 6.285714 1.000000
53.065971 6.285714 1.000000
54.636925 6.285714 1.000000
56.207879 6.285714 1.000000
57.778832 6.285714 1.000000
59.349786 6.285714 1.000000
60.920740 6.285714 1.000000
62.491694 6.285714 1.000000
64.368771 6.285714 1.000000
66.245847 6.285714 1.000000
68.122924 6.285714 1.000000
1.752492 3.142857 1.000000
3.504983 3.142857 1.000000
5.257475 3.142857 1.000000
7.009967 3.142857 1.000000
8.609397 3.142857 1.000000
10.208828 3.142857 1.000000
11.808258 3.142857 1.000000
13.407689 3.142857 1.000000
15.007119 3.142857 1.000000
16.606550 3.142857 1.000000
18.205980 3.142857 1.000000
19.805411 3.142857 1.000000
21.404841 3.142857 1.000000
23.004271 3.142857 1.000000
24.603702 3.142857 1.000000
26.203132 3.142857 1.000000
27.802563 3.142857 1.000000
29.401993 3.142857 1.000000
31.001424 3.142857 1.000000
32.600854 3.142857 1.000000
34.200285 3.142857 1.000000
35.799715 3.142857 1.000000
37.399146 3.142857 1.000000
38.998576 3.142857 1.000000
40.598007 3.142857 1.000000
42.197437 3.142857 1.000000
43.796868 3.142857 1.000000
45.396298 3.142857 1.000000
46.995729 3.142857 1.000000
48.595159 3.142857 1.000000
50.194589 3.142857 1.000000
51.794020 3.142857 1.000000
53.393450 3.142857 1.000000
54.992881 3.142857 1.000000
56.592311 3.142857 1.000000
58.191742 3.142857 1.000000
59.791172 3.142857 1.000000
61.390603 3.142857 1.000000
62.990033 3.142857 1.000000
64.742525 3.142857 1.000000
66.495017 3.142857 1.000000
68.247508 3.142857 1.000000
